  Time(year)	  SI(Albite)	          pH	    Tot_SiO2	      Tot_Al	      TOT_Na	
  0.0000e+00	 -9.9990e+01	  6.0000e+00	  0.0000e+00	  1.0000e-07	  0.0000e+00	
  1.5844e+00	 -7.5686e+00	  6.0011e+00	  2.4328e-05	  1.2334e-08	  1.2208e-05	
  3.1689e+00	 -6.6632e+00	  6.0022e+00	  4.8731e-05	  6.1451e-09	  2.4413e-05	
  4.7533e+00	 -6.1335e+00	  6.0032e+00	  7.3131e-05	  4.0866e-09	  3.6614e-05	
  6.3378e+00	 -5.7575e+00	  6.0043e+00	  9.7524e-05	  3.0583e-09	  4.8811e-05	
  7.9222e+00	 -5.4657e+00	  6.0054e+00	  1.2191e-04	  2.4417e-09	  6.1004e-05	
  9.5066e+00	 -5.2272e+00	  6.0065e+00	  1.4629e-04	  2.0308e-09	  7.3193e-05	
  1.1091e+01	 -5.0254e+00	  6.0076e+00	  1.7066e-04	  1.7374e-09	  8.5378e-05	
  1.2676e+01	 -4.8505e+00	  6.0086e+00	  1.9502e-04	  1.5174e-09	  9.7559e-05	
  1.4260e+01	 -4.6962e+00	  6.0097e+00	  2.1937e-04	  1.3463e-09	  1.0974e-04	
  1.5844e+01	 -4.5580e+00	  6.0108e+00	  2.4372e-04	  1.2095e-09	  1.2191e-04	
  1.7429e+01	 -4.4329e+00	  6.0119e+00	  2.6806e-04	  1.0975e-09	  1.3408e-04	
  1.9013e+01	 -4.3187e+00	  6.0129e+00	  2.9239e-04	  1.0043e-09	  1.4625e-04	
  2.0598e+01	 -4.2135e+00	  6.0140e+00	  3.1671e-04	  9.2536e-10	  1.5841e-04	
  2.2182e+01	 -4.1161e+00	  6.0151e+00	  3.4103e-04	  8.5775e-10	  1.7056e-04	
  2.3767e+01	 -4.0253e+00	  6.0162e+00	  3.6534e-04	  7.9916e-10	  1.8272e-04	
  2.5351e+01	 -3.9404e+00	  6.0172e+00	  3.8963e-04	  7.4791e-10	  1.9487e-04	
  2.6935e+01	 -3.8605e+00	  6.0183e+00	  4.1393e-04	  7.0270e-10	  2.0701e-04	
  2.8520e+01	 -3.7852e+00	  6.0194e+00	  4.3821e-04	  6.6252e-10	  2.1915e-04	
  3.0104e+01	 -3.7139e+00	  6.0204e+00	  4.6248e-04	  6.2658e-10	  2.3129e-04	
  3.1689e+01	 -3.6462e+00	  6.0215e+00	  4.8675e-04	  5.9424e-10	  2.4342e-04	
  3.3273e+01	 -3.5818e+00	  6.0226e+00	  5.1101e-04	  5.6499e-10	  2.5555e-04	
  3.4858e+01	 -3.5203e+00	  6.0236e+00	  5.3526e-04	  5.3840e-10	  2.6768e-04	
  3.6442e+01	 -3.4615e+00	  6.0247e+00	  5.5950e-04	  5.1414e-10	  2.7980e-04	
  3.8027e+01	 -3.4052e+00	  6.0258e+00	  5.8373e-04	  4.9190e-10	  2.9191e-04	
  3.9611e+01	 -3.3512e+00	  6.0268e+00	  6.0795e-04	  4.7145e-10	  3.0403e-04	
  4.1195e+01	 -3.2993e+00	  6.0279e+00	  6.3217e-04	  4.5257e-10	  3.1613e-04	
  4.2780e+01	 -3.2493e+00	  6.0290e+00	  6.5638e-04	  4.3510e-10	  3.2824e-04	
  4.4364e+01	 -3.2010e+00	  6.0300e+00	  6.8057e-04	  4.1888e-10	  3.4034e-04	
  4.5949e+01	 -3.1545e+00	  6.0311e+00	  7.0476e-04	  4.0379e-10	  3.5243e-04	
  4.7533e+01	 -3.1095e+00	  6.0321e+00	  7.2894e-04	  3.8971e-10	  3.6452e-04	
  4.9118e+01	 -3.0659e+00	  6.0332e+00	  7.5311e-04	  3.7654e-10	  3.7661e-04	
  5.0702e+01	 -3.0237e+00	  6.0343e+00	  7.7727e-04	  3.6420e-10	  3.8869e-04	
  5.2286e+01	 -2.9828e+00	  6.0353e+00	  8.0143e-04	  3.5261e-10	  4.0076e-04	
  5.3871e+01	 -2.9431e+00	  6.0364e+00	  8.2557e-04	  3.4171e-10	  4.1283e-04	
  5.5455e+01	 -2.9045e+00	  6.0374e+00	  8.4970e-04	  3.3143e-10	  4.2490e-04	
  5.7040e+01	 -2.8670e+00	  6.0385e+00	  8.7382e-04	  3.2173e-10	  4.3696e-04	
  5.8624e+01	 -2.8305e+00	  6.0395e+00	  8.9794e-04	  3.1256e-10	  4.4902e-04	
  6.0209e+01	 -2.7949e+00	  6.0406e+00	  9.2204e-04	  3.0387e-10	  4.6107e-04	
  6.1793e+01	 -2.7603e+00	  6.0416e+00	  9.4613e-04	  2.9563e-10	  4.7312e-04	
  6.3378e+01	 -2.7265e+00	  6.0427e+00	  9.7022e-04	  2.8781e-10	  4.8516e-04	
  6.4962e+01	 -2.6935e+00	  6.0438e+00	  9.9429e-04	  2.8037e-10	  4.9719e-04	
  6.6546e+01	 -2.6613e+00	  6.0448e+00	  1.0183e-03	  2.7329e-10	  5.0922e-04	
  6.8131e+01	 -2.6298e+00	  6.0459e+00	  1.0424e-03	  2.6655e-10	  5.2125e-04	
  6.9715e+01	 -2.5991e+00	  6.0469e+00	  1.0664e-03	  2.6011e-10	  5.3327e-04	
  7.1300e+01	 -2.5690e+00	  6.0480e+00	  1.0905e-03	  2.5396e-10	  5.4528e-04	
  7.2884e+01	 -2.5396e+00	  6.0490e+00	  1.1145e-03	  2.4809e-10	  5.5729e-04	
  7.4469e+01	 -2.5108e+00	  6.0500e+00	  1.1385e-03	  2.4246e-10	  5.6930e-04	
  7.6053e+01	 -2.4826e+00	  6.0511e+00	  1.1625e-03	  2.3707e-10	  5.8129e-04	
  7.7637e+01	 -2.4549e+00	  6.0521e+00	  1.1865e-03	  2.3191e-10	  5.9328e-04	
  7.9222e+01	 -2.4278e+00	  6.0532e+00	  1.2104e-03	  2.2696e-10	  6.0527e-04	
  8.0806e+01	 -2.4012e+00	  6.0542e+00	  1.2344e-03	  2.2220e-10	  6.1725e-04	
  8.2391e+01	 -2.3752e+00	  6.0553e+00	  1.2583e-03	  2.1763e-10	  6.2922e-04	
  8.3975e+01	 -2.3496e+00	  6.0563e+00	  1.2823e-03	  2.1323e-10	  6.4119e-04	
  8.5560e+01	 -2.3245e+00	  6.0574e+00	  1.3062e-03	  2.0900e-10	  6.5315e-04	
  8.7144e+01	 -2.2998e+00	  6.0584e+00	  1.3301e-03	  2.0492e-10	  6.6510e-04	
  8.8729e+01	 -2.2756e+00	  6.0594e+00	  1.3540e-03	  2.0100e-10	  6.7705e-04	
  9.0313e+01	 -2.2518e+00	  6.0605e+00	  1.3779e-03	  1.9721e-10	  6.8899e-04	
  9.1897e+01	 -2.2284e+00	  6.0615e+00	  1.4017e-03	  1.9356e-10	  7.0092e-04	
  9.3482e+01	 -2.2054e+00	  6.0626e+00	  1.4256e-03	  1.9003e-10	  7.1284e-04	
  9.5066e+01	 -2.1827e+00	  6.0636e+00	  1.4494e-03	  1.8662e-10	  7.2476e-04	
  9.6651e+01	 -2.1604e+00	  6.0646e+00	  1.4732e-03	  1.8333e-10	  7.3667e-04	
  9.8235e+01	 -2.1385e+00	  6.0657e+00	  1.4971e-03	  1.8014e-10	  7.4858e-04	
  9.9820e+01	 -2.1170e+00	  6.0667e+00	  1.5208e-03	  1.7706e-10	  7.6047e-04	
  1.0140e+02	 -2.0957e+00	  6.0677e+00	  1.5446e-03	  1.7408e-10	  7.7236e-04	
  1.0299e+02	 -2.0748e+00	  6.0688e+00	  1.5684e-03	  1.7119e-10	  7.8424e-04	
  1.0457e+02	 -2.0542e+00	  6.0698e+00	  1.5921e-03	  1.6839e-10	  7.9612e-04	
  1.0616e+02	 -2.0339e+00	  6.0708e+00	  1.6159e-03	  1.6568e-10	  8.0798e-04	
  1.0774e+02	 -2.0139e+00	  6.0718e+00	  1.6396e-03	  1.6304e-10	  8.1984e-04	
  1.0933e+02	 -1.9942e+00	  6.0729e+00	  1.6633e-03	  1.6049e-10	  8.3168e-04	
  1.1091e+02	 -1.9747e+00	  6.0739e+00	  1.6869e-03	  1.5801e-10	  8.4352e-04	
  1.1250e+02	 -1.9556e+00	  6.0749e+00	  1.7106e-03	  1.5560e-10	  8.5535e-04	
  1.1408e+02	 -1.9367e+00	  6.0760e+00	  1.7342e-03	  1.5327e-10	  8.6717e-04	
  1.1566e+02	 -1.9180e+00	  6.0770e+00	  1.7579e-03	  1.5099e-10	  8.7899e-04	
  1.1725e+02	 -1.8996e+00	  6.0780e+00	  1.7815e-03	  1.4879e-10	  8.9079e-04	
  1.1883e+02	 -1.8815e+00	  6.0790e+00	  1.8051e-03	  1.4664e-10	  9.0258e-04	
  1.2042e+02	 -1.8636e+00	  6.0800e+00	  1.8286e-03	  1.4455e-10	  9.1437e-04	
  1.2200e+02	 -1.8459e+00	  6.0811e+00	  1.8522e-03	  1.4251e-10	  9.2614e-04	
  1.2359e+02	 -1.8284e+00	  6.0821e+00	  1.8757e-03	  1.4054e-10	  9.3790e-04	
  1.2517e+02	 -1.8112e+00	  6.0831e+00	  1.8992e-03	  1.3861e-10	  9.4965e-04	
  1.2676e+02	 -1.7942e+00	  6.0841e+00	  1.9227e-03	  1.3673e-10	  9.6139e-04	
  1.2834e+02	 -1.7774e+00	  6.0851e+00	  1.9461e-03	  1.3490e-10	  9.7312e-04	
  1.2992e+02	 -1.7608e+00	  6.0861e+00	  1.9696e-03	  1.3312e-10	  9.8484e-04	
  1.3151e+02	 -1.7443e+00	  6.0872e+00	  1.9930e-03	  1.3138e-10	  9.9655e-04	
  1.3309e+02	 -1.7281e+00	  6.0882e+00	  2.0164e-03	  1.2969e-10	  1.0082e-03	
  1.3468e+02	 -1.7121e+00	  6.0892e+00	  2.0398e-03	  1.2803e-10	  1.0199e-03	
  1.3626e+02	 -1.6963e+00	  6.0902e+00	  2.0631e-03	  1.2642e-10	  1.0316e-03	
  1.3785e+02	 -1.6806e+00	  6.0912e+00	  2.0864e-03	  1.2484e-10	  1.0433e-03	
  1.3943e+02	 -1.6652e+00	  6.0922e+00	  2.1098e-03	  1.2331e-10	  1.0549e-03	
  1.4102e+02	 -1.6499e+00	  6.0932e+00	  2.1330e-03	  1.2181e-10	  1.0666e-03	
  1.4260e+02	 -1.6347e+00	  6.0942e+00	  2.1563e-03	  1.2034e-10	  1.0782e-03	
  1.4418e+02	 -1.6198e+00	  6.0952e+00	  2.1795e-03	  1.1891e-10	  1.0898e-03	
  1.4577e+02	 -1.6050e+00	  6.0962e+00	  2.2027e-03	  1.1751e-10	  1.1014e-03	
  1.4735e+02	 -1.5903e+00	  6.0972e+00	  2.2259e-03	  1.1614e-10	  1.1130e-03	
  1.4894e+02	 -1.5759e+00	  6.0982e+00	  2.2491e-03	  1.1480e-10	  1.1246e-03	
  1.5052e+02	 -1.5615e+00	  6.0992e+00	  2.2722e-03	  1.1349e-10	  1.1361e-03	
  1.5211e+02	 -1.5474e+00	  6.1002e+00	  2.2953e-03	  1.1221e-10	  1.1477e-03	
  1.5369e+02	 -1.5334e+00	  6.1012e+00	  2.3183e-03	  1.1096e-10	  1.1592e-03	
  1.5527e+02	 -1.5195e+00	  6.1022e+00	  2.3414e-03	  1.0974e-10	  1.1707e-03	
  1.5686e+02	 -1.5057e+00	  6.1032e+00	  2.3644e-03	  1.0854e-10	  1.1823e-03	
  1.5844e+02	 -1.4922e+00	  6.1042e+00	  2.3874e-03	  1.0737e-10	  1.1937e-03	
  1.6003e+02	 -1.4787e+00	  6.1052e+00	  2.4103e-03	  1.0622e-10	  1.2052e-03	
  1.6161e+02	 -1.4654e+00	  6.1062e+00	  2.4333e-03	  1.0510e-10	  1.2167e-03	
  1.6320e+02	 -1.4522e+00	  6.1072e+00	  2.4562e-03	  1.0400e-10	  1.2281e-03	
  1.6478e+02	 -1.4391e+00	  6.1082e+00	  2.4790e-03	  1.0292e-10	  1.2396e-03	
  1.6637e+02	 -1.4262e+00	  6.1091e+00	  2.5019e-03	  1.0186e-10	  1.2510e-03	
  1.6795e+02	 -1.4134e+00	  6.1101e+00	  2.5247e-03	  1.0083e-10	  1.2624e-03	
  1.6953e+02	 -1.4007e+00	  6.1111e+00	  2.5474e-03	  9.9812e-11	  1.2738e-03	
  1.7112e+02	 -1.3882e+00	  6.1121e+00	  2.5702e-03	  9.8817e-11	  1.2851e-03	
  1.7270e+02	 -1.3758e+00	  6.1131e+00	  2.5929e-03	  9.7843e-11	  1.2965e-03	
  1.7429e+02	 -1.3634e+00	  6.1140e+00	  2.6156e-03	  9.6887e-11	  1.3078e-03	
  1.7587e+02	 -1.3513e+00	  6.1150e+00	  2.6382e-03	  9.5950e-11	  1.3191e-03	
  1.7746e+02	 -1.3392e+00	  6.1160e+00	  2.6608e-03	  9.5031e-11	  1.3304e-03	
  1.7904e+02	 -1.3272e+00	  6.1170e+00	  2.6834e-03	  9.4130e-11	  1.3417e-03	
  1.8063e+02	 -1.3153e+00	  6.1179e+00	  2.7059e-03	  9.3245e-11	  1.3530e-03	
  1.8221e+02	 -1.3036e+00	  6.1189e+00	  2.7284e-03	  9.2378e-11	  1.3642e-03	
  1.8379e+02	 -1.2919e+00	  6.1199e+00	  2.7508e-03	  9.1526e-11	  1.3755e-03	
  1.8538e+02	 -1.2804e+00	  6.1208e+00	  2.7733e-03	  9.0690e-11	  1.3867e-03	
  1.8696e+02	 -1.2690e+00	  6.1218e+00	  2.7956e-03	  8.9870e-11	  1.3979e-03	
  1.8855e+02	 -1.2576e+00	  6.1228e+00	  2.8180e-03	  8.9065e-11	  1.4090e-03	
  1.9013e+02	 -1.2464e+00	  6.1237e+00	  2.8403e-03	  8.8274e-11	  1.4202e-03	
  1.9172e+02	 -1.2353e+00	  6.1247e+00	  2.8626e-03	  8.7498e-11	  1.4313e-03	
  1.9330e+02	 -1.2243e+00	  6.1256e+00	  2.8848e-03	  8.6736e-11	  1.4424e-03	
  1.9489e+02	 -1.2133e+00	  6.1266e+00	  2.9070e-03	  8.5987e-11	  1.4535e-03	
  1.9647e+02	 -1.2025e+00	  6.1276e+00	  2.9291e-03	  8.5251e-11	  1.4646e-03	
  1.9805e+02	 -1.1918e+00	  6.1285e+00	  2.9512e-03	  8.4529e-11	  1.4757e-03	
  1.9964e+02	 -1.1811e+00	  6.1295e+00	  2.9733e-03	  8.3819e-11	  1.4867e-03	
  2.0122e+02	 -1.1706e+00	  6.1304e+00	  2.9953e-03	  8.3122e-11	  1.4977e-03	
  2.0281e+02	 -1.1601e+00	  6.1314e+00	  3.0173e-03	  8.2436e-11	  1.5087e-03	
  2.0439e+02	 -1.1497e+00	  6.1323e+00	  3.0392e-03	  8.1763e-11	  1.5197e-03	
  2.0598e+02	 -1.1394e+00	  6.1332e+00	  3.0611e-03	  8.1100e-11	  1.5306e-03	
  2.0756e+02	 -1.1292e+00	  6.1342e+00	  3.0829e-03	  8.0449e-11	  1.5415e-03	
  2.0915e+02	 -1.1191e+00	  6.1351e+00	  3.1047e-03	  7.9810e-11	  1.5524e-03	
  2.1073e+02	 -1.1091e+00	  6.1361e+00	  3.1265e-03	  7.9180e-11	  1.5633e-03	
  2.1231e+02	 -1.0992e+00	  6.1370e+00	  3.1482e-03	  7.8562e-11	  1.5741e-03	
  2.1390e+02	 -1.0893e+00	  6.1379e+00	  3.1698e-03	  7.7953e-11	  1.5850e-03	
  2.1548e+02	 -1.0795e+00	  6.1388e+00	  3.1914e-03	  7.7355e-11	  1.5958e-03	
  2.1707e+02	 -1.0698e+00	  6.1398e+00	  3.2130e-03	  7.6767e-11	  1.6065e-03	
  2.1865e+02	 -1.0602e+00	  6.1407e+00	  3.2345e-03	  7.6188e-11	  1.6173e-03	
  2.2024e+02	 -1.0507e+00	  6.1416e+00	  3.2560e-03	  7.5618e-11	  1.6280e-03	
  2.2182e+02	 -1.0412e+00	  6.1425e+00	  3.2774e-03	  7.5058e-11	  1.6387e-03	
  2.2341e+02	 -1.0318e+00	  6.1435e+00	  3.2987e-03	  7.4507e-11	  1.6494e-03	
  2.2499e+02	 -1.0225e+00	  6.1444e+00	  3.3200e-03	  7.3965e-11	  1.6601e-03	
  2.2657e+02	 -1.0133e+00	  6.1453e+00	  3.3413e-03	  7.3431e-11	  1.6707e-03	
  2.2816e+02	 -1.0042e+00	  6.1462e+00	  3.3625e-03	  7.2906e-11	  1.6813e-03	
  2.2974e+02	 -9.9509e-01	  6.1471e+00	  3.3837e-03	  7.2389e-11	  1.6919e-03	
  2.3133e+02	 -9.8609e-01	  6.1480e+00	  3.4048e-03	  7.1880e-11	  1.7024e-03	
  2.3291e+02	 -9.7716e-01	  6.1489e+00	  3.4258e-03	  7.1379e-11	  1.7129e-03	
  2.3450e+02	 -9.6831e-01	  6.1498e+00	  3.4468e-03	  7.0886e-11	  1.7234e-03	
  2.3608e+02	 -9.5952e-01	  6.1507e+00	  3.4677e-03	  7.0401e-11	  1.7339e-03	
  2.3767e+02	 -9.5081e-01	  6.1516e+00	  3.4886e-03	  6.9923e-11	  1.7443e-03	
  2.3925e+02	 -9.4217e-01	  6.1525e+00	  3.5094e-03	  6.9452e-11	  1.7548e-03	
  2.4083e+02	 -9.3359e-01	  6.1534e+00	  3.5302e-03	  6.8989e-11	  1.7651e-03	
  2.4242e+02	 -9.2509e-01	  6.1543e+00	  3.5509e-03	  6.8533e-11	  1.7755e-03	
  2.4400e+02	 -9.1665e-01	  6.1552e+00	  3.5715e-03	  6.8083e-11	  1.7858e-03	
  2.4559e+02	 -9.0828e-01	  6.1561e+00	  3.5921e-03	  6.7641e-11	  1.7961e-03	
  2.4717e+02	 -8.9998e-01	  6.1570e+00	  3.6127e-03	  6.7205e-11	  1.8064e-03	
  2.4876e+02	 -8.9174e-01	  6.1579e+00	  3.6331e-03	  6.6775e-11	  1.8166e-03	
  2.5034e+02	 -8.8357e-01	  6.1587e+00	  3.6535e-03	  6.6352e-11	  1.8268e-03	
  2.5193e+02	 -8.7546e-01	  6.1596e+00	  3.6739e-03	  6.5936e-11	  1.8370e-03	
  2.5351e+02	 -8.6742e-01	  6.1605e+00	  3.6942e-03	  6.5525e-11	  1.8471e-03	
  2.5509e+02	 -8.5944e-01	  6.1614e+00	  3.7144e-03	  6.5121e-11	  1.8572e-03	
  2.5668e+02	 -8.5153e-01	  6.1622e+00	  3.7345e-03	  6.4722e-11	  1.8673e-03	
  2.5826e+02	 -8.4368e-01	  6.1631e+00	  3.7546e-03	  6.4330e-11	  1.8774e-03	
  2.5985e+02	 -8.3589e-01	  6.1639e+00	  3.7747e-03	  6.3943e-11	  1.8874e-03	
  2.6143e+02	 -8.2816e-01	  6.1648e+00	  3.7946e-03	  6.3561e-11	  1.8974e-03	
  2.6302e+02	 -8.2049e-01	  6.1657e+00	  3.8145e-03	  6.3185e-11	  1.9073e-03	
  2.6460e+02	 -8.1288e-01	  6.1665e+00	  3.8344e-03	  6.2815e-11	  1.9172e-03	
  2.6619e+02	 -8.0534e-01	  6.1674e+00	  3.8541e-03	  6.2450e-11	  1.9271e-03	
  2.6777e+02	 -7.9786e-01	  6.1682e+00	  3.8738e-03	  6.2091e-11	  1.9370e-03	
  2.6935e+02	 -7.9043e-01	  6.1691e+00	  3.8935e-03	  6.1736e-11	  1.9468e-03	
  2.7094e+02	 -7.8307e-01	  6.1699e+00	  3.9130e-03	  6.1387e-11	  1.9566e-03	
  2.7252e+02	 -7.7576e-01	  6.1707e+00	  3.9325e-03	  6.1042e-11	  1.9663e-03	
  2.7411e+02	 -7.6851e-01	  6.1716e+00	  3.9519e-03	  6.0703e-11	  1.9760e-03	
  2.7569e+02	 -7.6132e-01	  6.1724e+00	  3.9713e-03	  6.0368e-11	  1.9857e-03	
  2.7728e+02	 -7.5419e-01	  6.1732e+00	  3.9905e-03	  6.0038e-11	  1.9953e-03	
  2.7886e+02	 -7.4711e-01	  6.1741e+00	  4.0097e-03	  5.9713e-11	  2.0049e-03	
  2.8045e+02	 -7.4009e-01	  6.1749e+00	  4.0289e-03	  5.9392e-11	  2.0145e-03	
  2.8203e+02	 -7.3312e-01	  6.1757e+00	  4.0479e-03	  5.9076e-11	  2.0240e-03	
  2.8361e+02	 -7.2621e-01	  6.1765e+00	  4.0669e-03	  5.8764e-11	  2.0335e-03	
  2.8520e+02	 -7.1935e-01	  6.1773e+00	  4.0859e-03	  5.8456e-11	  2.0430e-03	
  2.8678e+02	 -7.1255e-01	  6.1782e+00	  4.1047e-03	  5.8153e-11	  2.0524e-03	
  2.8837e+02	 -7.0580e-01	  6.1790e+00	  4.1235e-03	  5.7854e-11	  2.0618e-03	
  2.8995e+02	 -6.9911e-01	  6.1798e+00	  4.1422e-03	  5.7559e-11	  2.0711e-03	
  2.9154e+02	 -6.9247e-01	  6.1806e+00	  4.1608e-03	  5.7268e-11	  2.0804e-03	
  2.9312e+02	 -6.8588e-01	  6.1814e+00	  4.1793e-03	  5.6981e-11	  2.0897e-03	
  2.9471e+02	 -6.7934e-01	  6.1822e+00	  4.1978e-03	  5.6698e-11	  2.0990e-03	
  2.9629e+02	 -6.7286e-01	  6.1830e+00	  4.2162e-03	  5.6418e-11	  2.1082e-03	
  2.9787e+02	 -6.6642e-01	  6.1837e+00	  4.2345e-03	  5.6143e-11	  2.1173e-03	
  2.9946e+02	 -6.6004e-01	  6.1845e+00	  4.2528e-03	  5.5871e-11	  2.1264e-03	
  3.0104e+02	 -6.5371e-01	  6.1853e+00	  4.2709e-03	  5.5603e-11	  2.1355e-03	
  3.0263e+02	 -6.4743e-01	  6.1861e+00	  4.2890e-03	  5.5339e-11	  2.1446e-03	
  3.0421e+02	 -6.4120e-01	  6.1869e+00	  4.3070e-03	  5.5078e-11	  2.1536e-03	
  3.0580e+02	 -6.3502e-01	  6.1876e+00	  4.3250e-03	  5.4821e-11	  2.1625e-03	
  3.0738e+02	 -6.2889e-01	  6.1884e+00	  4.3428e-03	  5.4567e-11	  2.1715e-03	
  3.0897e+02	 -6.2281e-01	  6.1892e+00	  4.3606e-03	  5.4317e-11	  2.1803e-03	
  3.1055e+02	 -6.1677e-01	  6.1899e+00	  4.3783e-03	  5.4069e-11	  2.1892e-03	
  3.1213e+02	 -6.1079e-01	  6.1907e+00	  4.3959e-03	  5.3826e-11	  2.1980e-03	
  3.1372e+02	 -6.0485e-01	  6.1915e+00	  4.4134e-03	  5.3585e-11	  2.2067e-03	
  3.1530e+02	 -5.9896e-01	  6.1922e+00	  4.4308e-03	  5.3348e-11	  2.2155e-03	
  3.1689e+02	 -5.9312e-01	  6.1930e+00	  4.4482e-03	  5.3113e-11	  2.2242e-03	
  3.1847e+02	 -5.8733e-01	  6.1937e+00	  4.4655e-03	  5.2882e-11	  2.2328e-03	
  3.2006e+02	 -5.8158e-01	  6.1944e+00	  4.4827e-03	  5.2654e-11	  2.2414e-03	
  3.2164e+02	 -5.7588e-01	  6.1952e+00	  4.4998e-03	  5.2429e-11	  2.2500e-03	
  3.2323e+02	 -5.7023e-01	  6.1959e+00	  4.5168e-03	  5.2207e-11	  2.2585e-03	
  3.2481e+02	 -5.6462e-01	  6.1966e+00	  4.5338e-03	  5.1988e-11	  2.2669e-03	
  3.2639e+02	 -5.5906e-01	  6.1974e+00	  4.5507e-03	  5.1772e-11	  2.2754e-03	
  3.2798e+02	 -5.5355e-01	  6.1981e+00	  4.5674e-03	  5.1558e-11	  2.2838e-03	
  3.2956e+02	 -5.4807e-01	  6.1988e+00	  4.5841e-03	  5.1347e-11	  2.2921e-03	
  3.3115e+02	 -5.4265e-01	  6.1995e+00	  4.6008e-03	  5.1139e-11	  2.3004e-03	
  3.3273e+02	 -5.3727e-01	  6.2002e+00	  4.6173e-03	  5.0934e-11	  2.3087e-03	
  3.3432e+02	 -5.3193e-01	  6.2010e+00	  4.6337e-03	  5.0732e-11	  2.3169e-03	
  3.3590e+02	 -5.2664e-01	  6.2017e+00	  4.6501e-03	  5.0532e-11	  2.3251e-03	
  3.3749e+02	 -5.2139e-01	  6.2024e+00	  4.6664e-03	  5.0334e-11	  2.3332e-03	
  3.3907e+02	 -5.1618e-01	  6.2031e+00	  4.6825e-03	  5.0140e-11	  2.3413e-03	
  3.4065e+02	 -5.1102e-01	  6.2038e+00	  4.6986e-03	  4.9947e-11	  2.3494e-03	
  3.4224e+02	 -5.0590e-01	  6.2045e+00	  4.7146e-03	  4.9758e-11	  2.3574e-03	
  3.4382e+02	 -5.0082e-01	  6.2051e+00	  4.7306e-03	  4.9570e-11	  2.3653e-03	
  3.4541e+02	 -4.9579e-01	  6.2058e+00	  4.7464e-03	  4.9385e-11	  2.3733e-03	
  3.4699e+02	 -4.9080e-01	  6.2065e+00	  4.7622e-03	  4.9203e-11	  2.3811e-03	
  3.4858e+02	 -4.8585e-01	  6.2072e+00	  4.7778e-03	  4.9023e-11	  2.3890e-03	
  3.5016e+02	 -4.8094e-01	  6.2079e+00	  4.7934e-03	  4.8845e-11	  2.3967e-03	
  3.5175e+02	 -4.7607e-01	  6.2085e+00	  4.8089e-03	  4.8669e-11	  2.4045e-03	
  3.5333e+02	 -4.7125e-01	  6.2092e+00	  4.8243e-03	  4.8496e-11	  2.4122e-03	
  3.5491e+02	 -4.6646e-01	  6.2098e+00	  4.8396e-03	  4.8325e-11	  2.4198e-03	
  3.5650e+02	 -4.6172e-01	  6.2105e+00	  4.8548e-03	  4.8156e-11	  2.4274e-03	
  3.5808e+02	 -4.5701e-01	  6.2112e+00	  4.8699e-03	  4.7989e-11	  2.4350e-03	
  3.5967e+02	 -4.5235e-01	  6.2118e+00	  4.8850e-03	  4.7824e-11	  2.4425e-03	
  3.6125e+02	 -4.4772e-01	  6.2125e+00	  4.8999e-03	  4.7662e-11	  2.4500e-03	
  3.6284e+02	 -4.4314e-01	  6.2131e+00	  4.9148e-03	  4.7501e-11	  2.4574e-03	
  3.6442e+02	 -4.3859e-01	  6.2137e+00	  4.9296e-03	  4.7343e-11	  2.4648e-03	
  3.6601e+02	 -4.3409e-01	  6.2144e+00	  4.9442e-03	  4.7186e-11	  2.4722e-03	
  3.6759e+02	 -4.2962e-01	  6.2150e+00	  4.9588e-03	  4.7032e-11	  2.4795e-03	
  3.6917e+02	 -4.2519e-01	  6.2156e+00	  4.9733e-03	  4.6880e-11	  2.4867e-03	
  3.7076e+02	 -4.2080e-01	  6.2163e+00	  4.9877e-03	  4.6729e-11	  2.4939e-03	
  3.7234e+02	 -4.1645e-01	  6.2169e+00	  5.0021e-03	  4.6580e-11	  2.5011e-03	
  3.7393e+02	 -4.1214e-01	  6.2175e+00	  5.0163e-03	  4.6434e-11	  2.5082e-03	
  3.7551e+02	 -4.0786e-01	  6.2181e+00	  5.0304e-03	  4.6289e-11	  2.5153e-03	
  3.7710e+02	 -4.0362e-01	  6.2187e+00	  5.0445e-03	  4.6146e-11	  2.5223e-03	
  3.7868e+02	 -3.9942e-01	  6.2193e+00	  5.0585e-03	  4.6004e-11	  2.5293e-03	
  3.8027e+02	 -3.9525e-01	  6.2199e+00	  5.0723e-03	  4.5865e-11	  2.5362e-03	
  3.8185e+02	 -3.9113e-01	  6.2205e+00	  5.0861e-03	  4.5727e-11	  2.5431e-03	
  3.8343e+02	 -3.8704e-01	  6.2211e+00	  5.0998e-03	  4.5591e-11	  2.5499e-03	
  3.8502e+02	 -3.8298e-01	  6.2217e+00	  5.1134e-03	  4.5457e-11	  2.5567e-03	
  3.8660e+02	 -3.7896e-01	  6.2223e+00	  5.1269e-03	  4.5324e-11	  2.5635e-03	
  3.8819e+02	 -3.7498e-01	  6.2229e+00	  5.1403e-03	  4.5193e-11	  2.5702e-03	
  3.8977e+02	 -3.7103e-01	  6.2234e+00	  5.1536e-03	  4.5064e-11	  2.5769e-03	
  3.9136e+02	 -3.6712e-01	  6.2240e+00	  5.1669e-03	  4.4936e-11	  2.5835e-03	
  3.9294e+02	 -3.6324e-01	  6.2246e+00	  5.1800e-03	  4.4810e-11	  2.5901e-03	
  3.9453e+02	 -3.5940e-01	  6.2251e+00	  5.1931e-03	  4.4686e-11	  2.5966e-03	
  3.9611e+02	 -3.5559e-01	  6.2257e+00	  5.2061e-03	  4.4563e-11	  2.6031e-03	
  3.9769e+02	 -3.5182e-01	  6.2263e+00	  5.2189e-03	  4.4441e-11	  2.6095e-03	
  3.9928e+02	 -3.4808e-01	  6.2268e+00	  5.2317e-03	  4.4322e-11	  2.6159e-03	
  4.0086e+02	 -3.4437e-01	  6.2274e+00	  5.2444e-03	  4.4203e-11	  2.6223e-03	
  4.0245e+02	 -3.4070e-01	  6.2279e+00	  5.2570e-03	  4.4086e-11	  2.6286e-03	
  4.0403e+02	 -3.3707e-01	  6.2285e+00	  5.2695e-03	  4.3971e-11	  2.6348e-03	
  4.0562e+02	 -3.3346e-01	  6.2290e+00	  5.2820e-03	  4.3857e-11	  2.6410e-03	
  4.0720e+02	 -3.2989e-01	  6.2295e+00	  5.2943e-03	  4.3744e-11	  2.6472e-03	
  4.0879e+02	 -3.2635e-01	  6.2301e+00	  5.3065e-03	  4.3633e-11	  2.6533e-03	
  4.1037e+02	 -3.2285e-01	  6.2306e+00	  5.3187e-03	  4.3524e-11	  2.6594e-03	
  4.1195e+02	 -3.1937e-01	  6.2311e+00	  5.3308e-03	  4.3415e-11	  2.6654e-03	
  4.1354e+02	 -3.1593e-01	  6.2316e+00	  5.3427e-03	  4.3308e-11	  2.6714e-03	
  4.1512e+02	 -3.1252e-01	  6.2321e+00	  5.3546e-03	  4.3202e-11	  2.6774e-03	
  4.1671e+02	 -3.0915e-01	  6.2327e+00	  5.3664e-03	  4.3098e-11	  2.6833e-03	
  4.1829e+02	 -3.0580e-01	  6.2332e+00	  5.3781e-03	  4.2995e-11	  2.6891e-03	
  4.1988e+02	 -3.0249e-01	  6.2337e+00	  5.3898e-03	  4.2893e-11	  2.6949e-03	
  4.2146e+02	 -2.9920e-01	  6.2342e+00	  5.4013e-03	  4.2793e-11	  2.7007e-03	
  4.2305e+02	 -2.9595e-01	  6.2347e+00	  5.4127e-03	  4.2693e-11	  2.7064e-03	
  4.2463e+02	 -2.9273e-01	  6.2352e+00	  5.4241e-03	  4.2595e-11	  2.7121e-03	
  4.2621e+02	 -2.8954e-01	  6.2356e+00	  5.4354e-03	  4.2499e-11	  2.7177e-03	
  4.2780e+02	 -2.8638e-01	  6.2361e+00	  5.4466e-03	  4.2403e-11	  2.7233e-03	
  4.2938e+02	 -2.8325e-01	  6.2366e+00	  5.4577e-03	  4.2308e-11	  2.7289e-03	
  4.3097e+02	 -2.8015e-01	  6.2371e+00	  5.4687e-03	  4.2215e-11	  2.7344e-03	
  4.3255e+02	 -2.7708e-01	  6.2376e+00	  5.4796e-03	  4.2123e-11	  2.7398e-03	
  4.3414e+02	 -2.7404e-01	  6.2380e+00	  5.4904e-03	  4.2032e-11	  2.7453e-03	
  4.3572e+02	 -2.7102e-01	  6.2385e+00	  5.5012e-03	  4.1942e-11	  2.7506e-03	
  4.3730e+02	 -2.6804e-01	  6.2390e+00	  5.5118e-03	  4.1854e-11	  2.7560e-03	
  4.3889e+02	 -2.6508e-01	  6.2394e+00	  5.5224e-03	  4.1766e-11	  2.7613e-03	
  4.4047e+02	 -2.6216e-01	  6.2399e+00	  5.5329e-03	  4.1680e-11	  2.7665e-03	
  4.4206e+02	 -2.5926e-01	  6.2403e+00	  5.5433e-03	  4.1594e-11	  2.7717e-03	
  4.4364e+02	 -2.5639e-01	  6.2408e+00	  5.5536e-03	  4.1510e-11	  2.7769e-03	
  4.4523e+02	 -2.5355e-01	  6.2412e+00	  5.5639e-03	  4.1426e-11	  2.7820e-03	
  4.4681e+02	 -2.5074e-01	  6.2417e+00	  5.5740e-03	  4.1344e-11	  2.7871e-03	
  4.4840e+02	 -2.4795e-01	  6.2421e+00	  5.5841e-03	  4.1263e-11	  2.7921e-03	
  4.4998e+02	 -2.4519e-01	  6.2425e+00	  5.5941e-03	  4.1183e-11	  2.7971e-03	
  4.5156e+02	 -2.4246e-01	  6.2430e+00	  5.6040e-03	  4.1103e-11	  2.8020e-03	
  4.5315e+02	 -2.3976e-01	  6.2434e+00	  5.6138e-03	  4.1025e-11	  2.8069e-03	
  4.5473e+02	 -2.3708e-01	  6.2438e+00	  5.6235e-03	  4.0948e-11	  2.8118e-03	
  4.5632e+02	 -2.3443e-01	  6.2442e+00	  5.6332e-03	  4.0872e-11	  2.8166e-03	
  4.5790e+02	 -2.3180e-01	  6.2447e+00	  5.6427e-03	  4.0796e-11	  2.8214e-03	
  4.5949e+02	 -2.2920e-01	  6.2451e+00	  5.6522e-03	  4.0722e-11	  2.8262e-03	
  4.6107e+02	 -2.2663e-01	  6.2455e+00	  5.6616e-03	  4.0648e-11	  2.8309e-03	
  4.6266e+02	 -2.2408e-01	  6.2459e+00	  5.6709e-03	  4.0576e-11	  2.8355e-03	
  4.6424e+02	 -2.2156e-01	  6.2463e+00	  5.6802e-03	  4.0504e-11	  2.8401e-03	
  4.6582e+02	 -2.1907e-01	  6.2467e+00	  5.6893e-03	  4.0433e-11	  2.8447e-03	
  4.6741e+02	 -2.1659e-01	  6.2471e+00	  5.6984e-03	  4.0363e-11	  2.8493e-03	
  4.6899e+02	 -2.1415e-01	  6.2475e+00	  5.7074e-03	  4.0294e-11	  2.8538e-03	
  4.7058e+02	 -2.1173e-01	  6.2479e+00	  5.7164e-03	  4.0226e-11	  2.8582e-03	
  4.7216e+02	 -2.0933e-01	  6.2482e+00	  5.7252e-03	  4.0158e-11	  2.8626e-03	
  4.7375e+02	 -2.0696e-01	  6.2486e+00	  5.7340e-03	  4.0092e-11	  2.8670e-03	
  4.7533e+02	 -2.0461e-01	  6.2490e+00	  5.7426e-03	  4.0026e-11	  2.8714e-03	
  4.7692e+02	 -2.0228e-01	  6.2494e+00	  5.7513e-03	  3.9961e-11	  2.8757e-03	
  4.7850e+02	 -1.9998e-01	  6.2498e+00	  5.7598e-03	  3.9897e-11	  2.8799e-03	
  4.8008e+02	 -1.9771e-01	  6.2501e+00	  5.7682e-03	  3.9834e-11	  2.8842e-03	
  4.8167e+02	 -1.9545e-01	  6.2505e+00	  5.7766e-03	  3.9771e-11	  2.8884e-03	
  4.8325e+02	 -1.9322e-01	  6.2509e+00	  5.7849e-03	  3.9710e-11	  2.8925e-03	
  4.8484e+02	 -1.9101e-01	  6.2512e+00	  5.7931e-03	  3.9649e-11	  2.8966e-03	
  4.8642e+02	 -1.8883e-01	  6.2516e+00	  5.8013e-03	  3.9588e-11	  2.9007e-03	
  4.8801e+02	 -1.8667e-01	  6.2519e+00	  5.8094e-03	  3.9529e-11	  2.9047e-03	
  4.8959e+02	 -1.8453e-01	  6.2523e+00	  5.8174e-03	  3.9470e-11	  2.9087e-03	
  4.9118e+02	 -1.8241e-01	  6.2526e+00	  5.8253e-03	  3.9412e-11	  2.9127e-03	
  4.9276e+02	 -1.8031e-01	  6.2530e+00	  5.8332e-03	  3.9355e-11	  2.9166e-03	
  4.9434e+02	 -1.7824e-01	  6.2533e+00	  5.8409e-03	  3.9298e-11	  2.9205e-03	
  4.9593e+02	 -1.7619e-01	  6.2536e+00	  5.8486e-03	  3.9242e-11	  2.9244e-03	
  4.9751e+02	 -1.7416e-01	  6.2540e+00	  5.8563e-03	  3.9187e-11	  2.9282e-03	
  4.9910e+02	 -1.7215e-01	  6.2543e+00	  5.8638e-03	  3.9133e-11	  2.9320e-03	
  5.0068e+02	 -1.7016e-01	  6.2546e+00	  5.8713e-03	  3.9079e-11	  2.9357e-03	
  5.0227e+02	 -1.6819e-01	  6.2549e+00	  5.8787e-03	  3.9026e-11	  2.9394e-03	
  5.0385e+02	 -1.6625e-01	  6.2553e+00	  5.8861e-03	  3.8973e-11	  2.9431e-03	
  5.0544e+02	 -1.6432e-01	  6.2556e+00	  5.8934e-03	  3.8922e-11	  2.9467e-03	
  5.0702e+02	 -1.6242e-01	  6.2559e+00	  5.9006e-03	  3.8870e-11	  2.9503e-03	
  5.0860e+02	 -1.6053e-01	  6.2562e+00	  5.9077e-03	  3.8820e-11	  2.9539e-03	
  5.1019e+02	 -1.5867e-01	  6.2565e+00	  5.9148e-03	  3.8770e-11	  2.9574e-03	
  5.1177e+02	 -1.5682e-01	  6.2568e+00	  5.9218e-03	  3.8721e-11	  2.9609e-03	
  5.1336e+02	 -1.5500e-01	  6.2571e+00	  5.9287e-03	  3.8672e-11	  2.9644e-03	
  5.1494e+02	 -1.5319e-01	  6.2574e+00	  5.9356e-03	  3.8624e-11	  2.9678e-03	
  5.1653e+02	 -1.5140e-01	  6.2577e+00	  5.9424e-03	  3.8576e-11	  2.9712e-03	
  5.1811e+02	 -1.4963e-01	  6.2580e+00	  5.9491e-03	  3.8529e-11	  2.9746e-03	
  5.1970e+02	 -1.4788e-01	  6.2583e+00	  5.9558e-03	  3.8483e-11	  2.9780e-03	
  5.2128e+02	 -1.4615e-01	  6.2586e+00	  5.9624e-03	  3.8437e-11	  2.9813e-03	
  5.2286e+02	 -1.4443e-01	  6.2589e+00	  5.9690e-03	  3.8392e-11	  2.9845e-03	
  5.2445e+02	 -1.4274e-01	  6.2592e+00	  5.9755e-03	  3.8347e-11	  2.9878e-03	
  5.2603e+02	 -1.4106e-01	  6.2594e+00	  5.9819e-03	  3.8303e-11	  2.9910e-03	
  5.2762e+02	 -1.3940e-01	  6.2597e+00	  5.9882e-03	  3.8260e-11	  2.9942e-03	
  5.2920e+02	 -1.3776e-01	  6.2600e+00	  5.9945e-03	  3.8217e-11	  2.9973e-03	
  5.3079e+02	 -1.3614e-01	  6.2603e+00	  6.0007e-03	  3.8174e-11	  3.0004e-03	
  5.3237e+02	 -1.3453e-01	  6.2605e+00	  6.0069e-03	  3.8132e-11	  3.0035e-03	
  5.3396e+02	 -1.3295e-01	  6.2608e+00	  6.0130e-03	  3.8091e-11	  3.0066e-03	
  5.3554e+02	 -1.3138e-01	  6.2611e+00	  6.0190e-03	  3.8050e-11	  3.0096e-03	
  5.3712e+02	 -1.2982e-01	  6.2613e+00	  6.0250e-03	  3.8009e-11	  3.0126e-03	
  5.3871e+02	 -1.2829e-01	  6.2616e+00	  6.0309e-03	  3.7969e-11	  3.0155e-03	
  5.4029e+02	 -1.2677e-01	  6.2618e+00	  6.0368e-03	  3.7930e-11	  3.0184e-03	
  5.4188e+02	 -1.2527e-01	  6.2621e+00	  6.0426e-03	  3.7891e-11	  3.0213e-03	
  5.4346e+02	 -1.2378e-01	  6.2623e+00	  6.0483e-03	  3.7853e-11	  3.0242e-03	
  5.4505e+02	 -1.2231e-01	  6.2626e+00	  6.0540e-03	  3.7815e-11	  3.0271e-03	
  5.4663e+02	 -1.2086e-01	  6.2628e+00	  6.0596e-03	  3.7777e-11	  3.0299e-03	
  5.4822e+02	 -1.1942e-01	  6.2631e+00	  6.0652e-03	  3.7740e-11	  3.0326e-03	
  5.4980e+02	 -1.1800e-01	  6.2633e+00	  6.0707e-03	  3.7704e-11	  3.0354e-03	
  5.5138e+02	 -1.1659e-01	  6.2636e+00	  6.0761e-03	  3.7668e-11	  3.0381e-03	
  5.5297e+02	 -1.1521e-01	  6.2638e+00	  6.0815e-03	  3.7632e-11	  3.0408e-03	
  5.5455e+02	 -1.1383e-01	  6.2640e+00	  6.0869e-03	  3.7597e-11	  3.0435e-03	
  5.5614e+02	 -1.1247e-01	  6.2643e+00	  6.0921e-03	  3.7562e-11	  3.0461e-03	
  5.5772e+02	 -1.1113e-01	  6.2645e+00	  6.0974e-03	  3.7528e-11	  3.0487e-03	
  5.5931e+02	 -1.0980e-01	  6.2647e+00	  6.1025e-03	  3.7494e-11	  3.0513e-03	
  5.6089e+02	 -1.0849e-01	  6.2649e+00	  6.1076e-03	  3.7460e-11	  3.0539e-03	
  5.6248e+02	 -1.0719e-01	  6.2652e+00	  6.1127e-03	  3.7427e-11	  3.0564e-03	
  5.6406e+02	 -1.0591e-01	  6.2654e+00	  6.1177e-03	  3.7395e-11	  3.0589e-03	
  5.6564e+02	 -1.0464e-01	  6.2656e+00	  6.1227e-03	  3.7362e-11	  3.0614e-03	
  5.6723e+02	 -1.0338e-01	  6.2658e+00	  6.1276e-03	  3.7331e-11	  3.0638e-03	
  5.6881e+02	 -1.0214e-01	  6.2660e+00	  6.1324e-03	  3.7299e-11	  3.0662e-03	
  5.7040e+02	 -1.0091e-01	  6.2662e+00	  6.1372e-03	  3.7268e-11	  3.0686e-03	
  5.7198e+02	 -9.9700e-02	  6.2664e+00	  6.1419e-03	  3.7238e-11	  3.0710e-03	
  5.7357e+02	 -9.8501e-02	  6.2666e+00	  6.1466e-03	  3.7207e-11	  3.0734e-03	
  5.7515e+02	 -9.7315e-02	  6.2668e+00	  6.1513e-03	  3.7177e-11	  3.0757e-03	
  5.7674e+02	 -9.6143e-02	  6.2670e+00	  6.1559e-03	  3.7148e-11	  3.0780e-03	
  5.7832e+02	 -9.4984e-02	  6.2672e+00	  6.1604e-03	  3.7119e-11	  3.0803e-03	
  5.7990e+02	 -9.3839e-02	  6.2674e+00	  6.1649e-03	  3.7090e-11	  3.0825e-03	
  5.8149e+02	 -9.2707e-02	  6.2676e+00	  6.1693e-03	  3.7062e-11	  3.0847e-03	
  5.8307e+02	 -9.1587e-02	  6.2678e+00	  6.1737e-03	  3.7034e-11	  3.0869e-03	
  5.8466e+02	 -9.0480e-02	  6.2680e+00	  6.1781e-03	  3.7006e-11	  3.0891e-03	
  5.8624e+02	 -8.9386e-02	  6.2682e+00	  6.1824e-03	  3.6979e-11	  3.0912e-03	
  5.8783e+02	 -8.8305e-02	  6.2684e+00	  6.1866e-03	  3.6952e-11	  3.0934e-03	
  5.8941e+02	 -8.7236e-02	  6.2686e+00	  6.1909e-03	  3.6925e-11	  3.0955e-03	
  5.9100e+02	 -8.6179e-02	  6.2688e+00	  6.1950e-03	  3.6898e-11	  3.0976e-03	
  5.9258e+02	 -8.5135e-02	  6.2689e+00	  6.1991e-03	  3.6872e-11	  3.0996e-03	
  5.9416e+02	 -8.4103e-02	  6.2691e+00	  6.2032e-03	  3.6847e-11	  3.1016e-03	
  5.9575e+02	 -8.3082e-02	  6.2693e+00	  6.2072e-03	  3.6821e-11	  3.1037e-03	
  5.9733e+02	 -8.2073e-02	  6.2695e+00	  6.2112e-03	  3.6796e-11	  3.1057e-03	
  5.9892e+02	 -8.1076e-02	  6.2696e+00	  6.2151e-03	  3.6772e-11	  3.1076e-03	
  6.0050e+02	 -8.0091e-02	  6.2698e+00	  6.2190e-03	  3.6747e-11	  3.1096e-03	
  6.0209e+02	 -7.9117e-02	  6.2700e+00	  6.2229e-03	  3.6723e-11	  3.1115e-03	
  6.0367e+02	 -7.8154e-02	  6.2701e+00	  6.2267e-03	  3.6699e-11	  3.1134e-03	
  6.0526e+02	 -7.7203e-02	  6.2703e+00	  6.2305e-03	  3.6676e-11	  3.1153e-03	
  6.0684e+02	 -7.6262e-02	  6.2705e+00	  6.2342e-03	  3.6653e-11	  3.1171e-03	
  6.0842e+02	 -7.5333e-02	  6.2706e+00	  6.2379e-03	  3.6630e-11	  3.1190e-03	
  6.1001e+02	 -7.4414e-02	  6.2708e+00	  6.2415e-03	  3.6607e-11	  3.1208e-03	
  6.1159e+02	 -7.3506e-02	  6.2710e+00	  6.2451e-03	  3.6585e-11	  3.1226e-03	
  6.1318e+02	 -7.2609e-02	  6.2711e+00	  6.2487e-03	  3.6563e-11	  3.1244e-03	
  6.1476e+02	 -7.1722e-02	  6.2713e+00	  6.2522e-03	  3.6541e-11	  3.1261e-03	
  6.1635e+02	 -7.0845e-02	  6.2714e+00	  6.2557e-03	  3.6519e-11	  3.1279e-03	
  6.1793e+02	 -6.9979e-02	  6.2716e+00	  6.2591e-03	  3.6498e-11	  3.1296e-03	
  6.1952e+02	 -6.9123e-02	  6.2717e+00	  6.2625e-03	  3.6477e-11	  3.1313e-03	
  6.2110e+02	 -6.8277e-02	  6.2719e+00	  6.2659e-03	  3.6456e-11	  3.1330e-03	
  6.2268e+02	 -6.7441e-02	  6.2720e+00	  6.2692e-03	  3.6436e-11	  3.1346e-03	
  6.2427e+02	 -6.6615e-02	  6.2722e+00	  6.2725e-03	  3.6416e-11	  3.1363e-03	
  6.2585e+02	 -6.5799e-02	  6.2723e+00	  6.2757e-03	  3.6396e-11	  3.1379e-03	
  6.2744e+02	 -6.4992e-02	  6.2724e+00	  6.2789e-03	  3.6376e-11	  3.1395e-03	
  6.2902e+02	 -6.4195e-02	  6.2726e+00	  6.2821e-03	  3.6357e-11	  3.1411e-03	
  6.3061e+02	 -6.3407e-02	  6.2727e+00	  6.2853e-03	  3.6338e-11	  3.1427e-03	
  6.3219e+02	 -6.2628e-02	  6.2729e+00	  6.2884e-03	  3.6319e-11	  3.1442e-03	
  6.3378e+02	 -6.1859e-02	  6.2730e+00	  6.2914e-03	  3.6300e-11	  3.1458e-03	
  6.3536e+02	 -6.1099e-02	  6.2731e+00	  6.2945e-03	  3.6281e-11	  3.1473e-03	
  6.3694e+02	 -6.0347e-02	  6.2732e+00	  6.2975e-03	  3.6263e-11	  3.1488e-03	
  6.3853e+02	 -5.9605e-02	  6.2734e+00	  6.3004e-03	  3.6245e-11	  3.1503e-03	
  6.4011e+02	 -5.8872e-02	  6.2735e+00	  6.3034e-03	  3.6227e-11	  3.1517e-03	
  6.4170e+02	 -5.8147e-02	  6.2736e+00	  6.3062e-03	  3.6210e-11	  3.1532e-03	
  6.4328e+02	 -5.7431e-02	  6.2738e+00	  6.3091e-03	  3.6192e-11	  3.1546e-03	
  6.4487e+02	 -5.6723e-02	  6.2739e+00	  6.3119e-03	  3.6175e-11	  3.1560e-03	
  6.4645e+02	 -5.6024e-02	  6.2740e+00	  6.3147e-03	  3.6158e-11	  3.1574e-03	
  6.4804e+02	 -5.5333e-02	  6.2741e+00	  6.3175e-03	  3.6142e-11	  3.1588e-03	
  6.4962e+02	 -5.4650e-02	  6.2742e+00	  6.3202e-03	  3.6125e-11	  3.1602e-03	
  6.5120e+02	 -5.3976e-02	  6.2744e+00	  6.3229e-03	  3.6109e-11	  3.1615e-03	
  6.5279e+02	 -5.3310e-02	  6.2745e+00	  6.3256e-03	  3.6093e-11	  3.1629e-03	
  6.5437e+02	 -5.2651e-02	  6.2746e+00	  6.3282e-03	  3.6077e-11	  3.1642e-03	
  6.5596e+02	 -5.2001e-02	  6.2747e+00	  6.3309e-03	  3.6061e-11	  3.1655e-03	
  6.5754e+02	 -5.1358e-02	  6.2748e+00	  6.3334e-03	  3.6046e-11	  3.1668e-03	
  6.5913e+02	 -5.0723e-02	  6.2749e+00	  6.3360e-03	  3.6031e-11	  3.1680e-03	
  6.6071e+02	 -5.0095e-02	  6.2750e+00	  6.3385e-03	  3.6015e-11	  3.1693e-03	
  6.6230e+02	 -4.9476e-02	  6.2752e+00	  6.3410e-03	  3.6001e-11	  3.1705e-03	
  6.6388e+02	 -4.8863e-02	  6.2753e+00	  6.3434e-03	  3.5986e-11	  3.1718e-03	
  6.6546e+02	 -4.8258e-02	  6.2754e+00	  6.3459e-03	  3.5971e-11	  3.1730e-03	
  6.6705e+02	 -4.7660e-02	  6.2755e+00	  6.3483e-03	  3.5957e-11	  3.1742e-03	
  6.6863e+02	 -4.7070e-02	  6.2756e+00	  6.3506e-03	  3.5943e-11	  3.1754e-03	
  6.7022e+02	 -4.6486e-02	  6.2757e+00	  6.3530e-03	  3.5929e-11	  3.1765e-03	
  6.7180e+02	 -4.5910e-02	  6.2758e+00	  6.3553e-03	  3.5915e-11	  3.1777e-03	
  6.7339e+02	 -4.5340e-02	  6.2759e+00	  6.3576e-03	  3.5901e-11	  3.1789e-03	
  6.7497e+02	 -4.4778e-02	  6.2760e+00	  6.3599e-03	  3.5888e-11	  3.1800e-03	
  6.7656e+02	 -4.4222e-02	  6.2761e+00	  6.3621e-03	  3.5875e-11	  3.1811e-03	
  6.7814e+02	 -4.3673e-02	  6.2762e+00	  6.3643e-03	  3.5862e-11	  3.1822e-03	
  6.7972e+02	 -4.3130e-02	  6.2763e+00	  6.3665e-03	  3.5849e-11	  3.1833e-03	
  6.8131e+02	 -4.2594e-02	  6.2764e+00	  6.3687e-03	  3.5836e-11	  3.1844e-03	
  6.8289e+02	 -4.2065e-02	  6.2765e+00	  6.3708e-03	  3.5823e-11	  3.1854e-03	
  6.8448e+02	 -4.1542e-02	  6.2766e+00	  6.3729e-03	  3.5811e-11	  3.1865e-03	
  6.8606e+02	 -4.1025e-02	  6.2767e+00	  6.3750e-03	  3.5798e-11	  3.1875e-03	
  6.8765e+02	 -4.0515e-02	  6.2767e+00	  6.3770e-03	  3.5786e-11	  3.1886e-03	
  6.8923e+02	 -4.0011e-02	  6.2768e+00	  6.3791e-03	  3.5774e-11	  3.1896e-03	
  6.9082e+02	 -3.9513e-02	  6.2769e+00	  6.3811e-03	  3.5762e-11	  3.1906e-03	
  6.9240e+02	 -3.9021e-02	  6.2770e+00	  6.3831e-03	  3.5751e-11	  3.1916e-03	
  6.9398e+02	 -3.8535e-02	  6.2771e+00	  6.3850e-03	  3.5739e-11	  3.1926e-03	
  6.9557e+02	 -3.8055e-02	  6.2772e+00	  6.3870e-03	  3.5728e-11	  3.1935e-03	
  6.9715e+02	 -3.7580e-02	  6.2773e+00	  6.3889e-03	  3.5716e-11	  3.1945e-03	
  6.9874e+02	 -3.7112e-02	  6.2773e+00	  6.3908e-03	  3.5705e-11	  3.1954e-03	
  7.0032e+02	 -3.6649e-02	  6.2774e+00	  6.3926e-03	  3.5694e-11	  3.1964e-03	
  7.0191e+02	 -3.6192e-02	  6.2775e+00	  6.3945e-03	  3.5684e-11	  3.1973e-03	
  7.0349e+02	 -3.5741e-02	  6.2776e+00	  6.3963e-03	  3.5673e-11	  3.1982e-03	
  7.0508e+02	 -3.5295e-02	  6.2777e+00	  6.3981e-03	  3.5662e-11	  3.1991e-03	
  7.0666e+02	 -3.4854e-02	  6.2777e+00	  6.3999e-03	  3.5652e-11	  3.2000e-03	
  7.0824e+02	 -3.4419e-02	  6.2778e+00	  6.4017e-03	  3.5642e-11	  3.2009e-03	
  7.0983e+02	 -3.3989e-02	  6.2779e+00	  6.4034e-03	  3.5631e-11	  3.2018e-03	
  7.1141e+02	 -3.3564e-02	  6.2780e+00	  6.4051e-03	  3.5621e-11	  3.2026e-03	
  7.1300e+02	 -3.3145e-02	  6.2780e+00	  6.4068e-03	  3.5611e-11	  3.2035e-03	
  7.1458e+02	 -3.2731e-02	  6.2781e+00	  6.4085e-03	  3.5602e-11	  3.2043e-03	
  7.1617e+02	 -3.2321e-02	  6.2782e+00	  6.4102e-03	  3.5592e-11	  3.2051e-03	
  7.1775e+02	 -3.1917e-02	  6.2783e+00	  6.4118e-03	  3.5582e-11	  3.2059e-03	
  7.1933e+02	 -3.1517e-02	  6.2783e+00	  6.4134e-03	  3.5573e-11	  3.2068e-03	
  7.2092e+02	 -3.1121e-02	  6.2784e+00	  6.4150e-03	  3.5564e-11	  3.2076e-03	
  7.2250e+02	 -3.0730e-02	  6.2785e+00	  6.4166e-03	  3.5554e-11	  3.2084e-03	
  7.2409e+02	 -3.0344e-02	  6.2785e+00	  6.4182e-03	  3.5545e-11	  3.2091e-03	
  7.2567e+02	 -2.9963e-02	  6.2786e+00	  6.4197e-03	  3.5536e-11	  3.2099e-03	
  7.2726e+02	 -2.9586e-02	  6.2787e+00	  6.4212e-03	  3.5527e-11	  3.2107e-03	
  7.2884e+02	 -2.9214e-02	  6.2787e+00	  6.4227e-03	  3.5519e-11	  3.2114e-03	
  7.3043e+02	 -2.8847e-02	  6.2788e+00	  6.4242e-03	  3.5510e-11	  3.2122e-03	
  7.3201e+02	 -2.8484e-02	  6.2789e+00	  6.4257e-03	  3.5502e-11	  3.2129e-03	
  7.3359e+02	 -2.8126e-02	  6.2789e+00	  6.4272e-03	  3.5493e-11	  3.2136e-03	
  7.3518e+02	 -2.7772e-02	  6.2790e+00	  6.4286e-03	  3.5485e-11	  3.2143e-03	
  7.3676e+02	 -2.7422e-02	  6.2791e+00	  6.4300e-03	  3.5477e-11	  3.2151e-03	
  7.3835e+02	 -2.7077e-02	  6.2791e+00	  6.4314e-03	  3.5468e-11	  3.2158e-03	
  7.3993e+02	 -2.6736e-02	  6.2792e+00	  6.4328e-03	  3.5460e-11	  3.2165e-03	
  7.4152e+02	 -2.6400e-02	  6.2792e+00	  6.4342e-03	  3.5453e-11	  3.2171e-03	
  7.4310e+02	 -2.6067e-02	  6.2793e+00	  6.4355e-03	  3.5445e-11	  3.2178e-03	
  7.4469e+02	 -2.5739e-02	  6.2794e+00	  6.4369e-03	  3.5437e-11	  3.2185e-03	
  7.4627e+02	 -2.5414e-02	  6.2794e+00	  6.4382e-03	  3.5429e-11	  3.2191e-03	
  7.4785e+02	 -2.5094e-02	  6.2795e+00	  6.4395e-03	  3.5422e-11	  3.2198e-03	
  7.4944e+02	 -2.4778e-02	  6.2795e+00	  6.4408e-03	  3.5415e-11	  3.2204e-03	
  7.5102e+02	 -2.4465e-02	  6.2796e+00	  6.4420e-03	  3.5407e-11	  3.2211e-03	
  7.5261e+02	 -2.4157e-02	  6.2796e+00	  6.4433e-03	  3.5400e-11	  3.2217e-03	
  7.5419e+02	 -2.3852e-02	  6.2797e+00	  6.4445e-03	  3.5393e-11	  3.2223e-03	
  7.5578e+02	 -2.3551e-02	  6.2798e+00	  6.4458e-03	  3.5386e-11	  3.2229e-03	
  7.5736e+02	 -2.3254e-02	  6.2798e+00	  6.4470e-03	  3.5379e-11	  3.2235e-03	
  7.5895e+02	 -2.2961e-02	  6.2799e+00	  6.4482e-03	  3.5372e-11	  3.2241e-03	
  7.6053e+02	 -2.2671e-02	  6.2799e+00	  6.4493e-03	  3.5365e-11	  3.2247e-03	
  7.6211e+02	 -2.2385e-02	  6.2800e+00	  6.4505e-03	  3.5359e-11	  3.2253e-03	
  7.6370e+02	 -2.2102e-02	  6.2800e+00	  6.4516e-03	  3.5352e-11	  3.2259e-03	
  7.6528e+02	 -2.1823e-02	  6.2801e+00	  6.4528e-03	  3.5345e-11	  3.2264e-03	
  7.6687e+02	 -2.1547e-02	  6.2801e+00	  6.4539e-03	  3.5339e-11	  3.2270e-03	
  7.6845e+02	 -2.1275e-02	  6.2802e+00	  6.4550e-03	  3.5333e-11	  3.2276e-03	
  7.7004e+02	 -2.1006e-02	  6.2802e+00	  6.4561e-03	  3.5326e-11	  3.2281e-03	
  7.7162e+02	 -2.0741e-02	  6.2803e+00	  6.4572e-03	  3.5320e-11	  3.2286e-03	
  7.7321e+02	 -2.0479e-02	  6.2803e+00	  6.4583e-03	  3.5314e-11	  3.2292e-03	
  7.7479e+02	 -2.0220e-02	  6.2804e+00	  6.4593e-03	  3.5308e-11	  3.2297e-03	
  7.7637e+02	 -1.9964e-02	  6.2804e+00	  6.4604e-03	  3.5302e-11	  3.2302e-03	
  7.7796e+02	 -1.9712e-02	  6.2804e+00	  6.4614e-03	  3.5296e-11	  3.2307e-03	
  7.7954e+02	 -1.9463e-02	  6.2805e+00	  6.4624e-03	  3.5290e-11	  3.2313e-03	
  7.8113e+02	 -1.9216e-02	  6.2805e+00	  6.4634e-03	  3.5285e-11	  3.2318e-03	
  7.8271e+02	 -1.8973e-02	  6.2806e+00	  6.4644e-03	  3.5279e-11	  3.2322e-03	
  7.8430e+02	 -1.8733e-02	  6.2806e+00	  6.4654e-03	  3.5273e-11	  3.2327e-03	
  7.8588e+02	 -1.8496e-02	  6.2807e+00	  6.4663e-03	  3.5268e-11	  3.2332e-03	
  7.8747e+02	 -1.8262e-02	  6.2807e+00	  6.4673e-03	  3.5262e-11	  3.2337e-03	
  7.8905e+02	 -1.8031e-02	  6.2807e+00	  6.4682e-03	  3.5257e-11	  3.2342e-03	
  7.9063e+02	 -1.7803e-02	  6.2808e+00	  6.4692e-03	  3.5252e-11	  3.2346e-03	
  7.9222e+02	 -1.7577e-02	  6.2808e+00	  6.4701e-03	  3.5246e-11	  3.2351e-03	
  7.9380e+02	 -1.7355e-02	  6.2809e+00	  6.4710e-03	  3.5241e-11	  3.2355e-03	
  7.9539e+02	 -1.7135e-02	  6.2809e+00	  6.4719e-03	  3.5236e-11	  3.2360e-03	
  7.9697e+02	 -1.6918e-02	  6.2809e+00	  6.4728e-03	  3.5231e-11	  3.2364e-03	
  7.9856e+02	 -1.6704e-02	  6.2810e+00	  6.4737e-03	  3.5226e-11	  3.2369e-03	
  8.0014e+02	 -1.6492e-02	  6.2810e+00	  6.4745e-03	  3.5221e-11	  3.2373e-03	
  8.0173e+02	 -1.6283e-02	  6.2811e+00	  6.4754e-03	  3.5216e-11	  3.2377e-03	
  8.0331e+02	 -1.6077e-02	  6.2811e+00	  6.4762e-03	  3.5211e-11	  3.2382e-03	
  8.0489e+02	 -1.5873e-02	  6.2811e+00	  6.4770e-03	  3.5207e-11	  3.2386e-03	
  8.0648e+02	 -1.5672e-02	  6.2812e+00	  6.4779e-03	  3.5202e-11	  3.2390e-03	
  8.0806e+02	 -1.5473e-02	  6.2812e+00	  6.4787e-03	  3.5197e-11	  3.2394e-03	
  8.0965e+02	 -1.5277e-02	  6.2812e+00	  6.4795e-03	  3.5193e-11	  3.2398e-03	
  8.1123e+02	 -1.5083e-02	  6.2813e+00	  6.4803e-03	  3.5188e-11	  3.2402e-03	
  8.1282e+02	 -1.4892e-02	  6.2813e+00	  6.4811e-03	  3.5184e-11	  3.2406e-03	
  8.1440e+02	 -1.4703e-02	  6.2813e+00	  6.4818e-03	  3.5180e-11	  3.2410e-03	
  8.1599e+02	 -1.4516e-02	  6.2814e+00	  6.4826e-03	  3.5175e-11	  3.2413e-03	
  8.1757e+02	 -1.4332e-02	  6.2814e+00	  6.4833e-03	  3.5171e-11	  3.2417e-03	
  8.1915e+02	 -1.4150e-02	  6.2814e+00	  6.4841e-03	  3.5167e-11	  3.2421e-03	
  8.2074e+02	 -1.3971e-02	  6.2815e+00	  6.4848e-03	  3.5163e-11	  3.2425e-03	
  8.2232e+02	 -1.3793e-02	  6.2815e+00	  6.4855e-03	  3.5159e-11	  3.2428e-03	
  8.2391e+02	 -1.3618e-02	  6.2815e+00	  6.4863e-03	  3.5154e-11	  3.2432e-03	
  8.2549e+02	 -1.3445e-02	  6.2816e+00	  6.4870e-03	  3.5150e-11	  3.2435e-03	
  8.2708e+02	 -1.3275e-02	  6.2816e+00	  6.4877e-03	  3.5146e-11	  3.2439e-03	
  8.2866e+02	 -1.3106e-02	  6.2816e+00	  6.4884e-03	  3.5143e-11	  3.2442e-03	
  8.3025e+02	 -1.2940e-02	  6.2817e+00	  6.4890e-03	  3.5139e-11	  3.2446e-03	
  8.3183e+02	 -1.2775e-02	  6.2817e+00	  6.4897e-03	  3.5135e-11	  3.2449e-03	
  8.3341e+02	 -1.2613e-02	  6.2817e+00	  6.4904e-03	  3.5131e-11	  3.2452e-03	
  8.3500e+02	 -1.2453e-02	  6.2817e+00	  6.4910e-03	  3.5127e-11	  3.2456e-03	
  8.3658e+02	 -1.2295e-02	  6.2818e+00	  6.4917e-03	  3.5124e-11	  3.2459e-03	
  8.3817e+02	 -1.2138e-02	  6.2818e+00	  6.4923e-03	  3.5120e-11	  3.2462e-03	
  8.3975e+02	 -1.1984e-02	  6.2818e+00	  6.4929e-03	  3.5117e-11	  3.2465e-03	
  8.4134e+02	 -1.1832e-02	  6.2819e+00	  6.4936e-03	  3.5113e-11	  3.2468e-03	
  8.4292e+02	 -1.1682e-02	  6.2819e+00	  6.4942e-03	  3.5110e-11	  3.2471e-03	
  8.4451e+02	 -1.1533e-02	  6.2819e+00	  6.4948e-03	  3.5106e-11	  3.2474e-03	
  8.4609e+02	 -1.1387e-02	  6.2819e+00	  6.4954e-03	  3.5103e-11	  3.2477e-03	
  8.4767e+02	 -1.1242e-02	  6.2820e+00	  6.4960e-03	  3.5099e-11	  3.2480e-03	
  8.4926e+02	 -1.1099e-02	  6.2820e+00	  6.4966e-03	  3.5096e-11	  3.2483e-03	
  8.5084e+02	 -1.0958e-02	  6.2820e+00	  6.4971e-03	  3.5093e-11	  3.2486e-03	
  8.5243e+02	 -1.0818e-02	  6.2820e+00	  6.4977e-03	  3.5090e-11	  3.2489e-03	
  8.5401e+02	 -1.0681e-02	  6.2821e+00	  6.4983e-03	  3.5086e-11	  3.2492e-03	
  8.5560e+02	 -1.0545e-02	  6.2821e+00	  6.4988e-03	  3.5083e-11	  3.2495e-03	
  8.5718e+02	 -1.0411e-02	  6.2821e+00	  6.4994e-03	  3.5080e-11	  3.2497e-03	
  8.5877e+02	 -1.0279e-02	  6.2821e+00	  6.4999e-03	  3.5077e-11	  3.2500e-03	
  8.6035e+02	 -1.0148e-02	  6.2822e+00	  6.5005e-03	  3.5074e-11	  3.2503e-03	
  8.6193e+02	 -1.0019e-02	  6.2822e+00	  6.5010e-03	  3.5071e-11	  3.2505e-03	
  8.6352e+02	 -9.8912e-03	  6.2822e+00	  6.5015e-03	  3.5068e-11	  3.2508e-03	
  8.6510e+02	 -9.7654e-03	  6.2822e+00	  6.5020e-03	  3.5065e-11	  3.2511e-03	
  8.6669e+02	 -9.6411e-03	  6.2823e+00	  6.5025e-03	  3.5062e-11	  3.2513e-03	
  8.6827e+02	 -9.5184e-03	  6.2823e+00	  6.5030e-03	  3.5060e-11	  3.2516e-03	
  8.6986e+02	 -9.3973e-03	  6.2823e+00	  6.5035e-03	  3.5057e-11	  3.2518e-03	
  8.7144e+02	 -9.2777e-03	  6.2823e+00	  6.5040e-03	  3.5054e-11	  3.2521e-03	
  8.7303e+02	 -9.1596e-03	  6.2823e+00	  6.5045e-03	  3.5051e-11	  3.2523e-03	
  8.7461e+02	 -9.0430e-03	  6.2824e+00	  6.5050e-03	  3.5049e-11	  3.2525e-03	
  8.7619e+02	 -8.9279e-03	  6.2824e+00	  6.5055e-03	  3.5046e-11	  3.2528e-03	
  8.7778e+02	 -8.8142e-03	  6.2824e+00	  6.5059e-03	  3.5043e-11	  3.2530e-03	
  8.7936e+02	 -8.7020e-03	  6.2824e+00	  6.5064e-03	  3.5041e-11	  3.2532e-03	
  8.8095e+02	 -8.5912e-03	  6.2824e+00	  6.5068e-03	  3.5038e-11	  3.2535e-03	
  8.8253e+02	 -8.4818e-03	  6.2825e+00	  6.5073e-03	  3.5036e-11	  3.2537e-03	
  8.8412e+02	 -8.3738e-03	  6.2825e+00	  6.5077e-03	  3.5033e-11	  3.2539e-03	
  8.8570e+02	 -8.2672e-03	  6.2825e+00	  6.5082e-03	  3.5031e-11	  3.2541e-03	
  8.8729e+02	 -8.1619e-03	  6.2825e+00	  6.5086e-03	  3.5028e-11	  3.2544e-03	
  8.8887e+02	 -8.0579e-03	  6.2825e+00	  6.5090e-03	  3.5026e-11	  3.2546e-03	
  8.9045e+02	 -7.9553e-03	  6.2826e+00	  6.5094e-03	  3.5024e-11	  3.2548e-03	
  8.9204e+02	 -7.8539e-03	  6.2826e+00	  6.5099e-03	  3.5021e-11	  3.2550e-03	
  8.9362e+02	 -7.7539e-03	  6.2826e+00	  6.5103e-03	  3.5019e-11	  3.2552e-03	
  8.9521e+02	 -7.6551e-03	  6.2826e+00	  6.5107e-03	  3.5017e-11	  3.2554e-03	
  8.9679e+02	 -7.5576e-03	  6.2826e+00	  6.5111e-03	  3.5014e-11	  3.2556e-03	
  8.9838e+02	 -7.4613e-03	  6.2826e+00	  6.5115e-03	  3.5012e-11	  3.2558e-03	
  8.9996e+02	 -7.3662e-03	  6.2827e+00	  6.5119e-03	  3.5010e-11	  3.2560e-03	
  9.0155e+02	 -7.2723e-03	  6.2827e+00	  6.5123e-03	  3.5008e-11	  3.2562e-03	
  9.0313e+02	 -7.1797e-03	  6.2827e+00	  6.5126e-03	  3.5006e-11	  3.2564e-03	
  9.0471e+02	 -7.0882e-03	  6.2827e+00	  6.5130e-03	  3.5004e-11	  3.2566e-03	
  9.0630e+02	 -6.9978e-03	  6.2827e+00	  6.5134e-03	  3.5002e-11	  3.2567e-03	
  9.0788e+02	 -6.9086e-03	  6.2827e+00	  6.5137e-03	  3.4999e-11	  3.2569e-03	
  9.0947e+02	 -6.8206e-03	  6.2828e+00	  6.5141e-03	  3.4997e-11	  3.2571e-03	
  9.1105e+02	 -6.7336e-03	  6.2828e+00	  6.5145e-03	  3.4995e-11	  3.2573e-03	
  9.1264e+02	 -6.6478e-03	  6.2828e+00	  6.5148e-03	  3.4993e-11	  3.2575e-03	
  9.1422e+02	 -6.5630e-03	  6.2828e+00	  6.5152e-03	  3.4992e-11	  3.2576e-03	
  9.1581e+02	 -6.4794e-03	  6.2828e+00	  6.5155e-03	  3.4990e-11	  3.2578e-03	
  9.1739e+02	 -6.3967e-03	  6.2828e+00	  6.5158e-03	  3.4988e-11	  3.2580e-03	
  9.1897e+02	 -6.3152e-03	  6.2829e+00	  6.5162e-03	  3.4986e-11	  3.2581e-03	
  9.2056e+02	 -6.2347e-03	  6.2829e+00	  6.5165e-03	  3.4984e-11	  3.2583e-03	
  9.2214e+02	 -6.1552e-03	  6.2829e+00	  6.5168e-03	  3.4982e-11	  3.2585e-03	
  9.2373e+02	 -6.0767e-03	  6.2829e+00	  6.5172e-03	  3.4980e-11	  3.2586e-03	
  9.2531e+02	 -5.9992e-03	  6.2829e+00	  6.5175e-03	  3.4979e-11	  3.2588e-03	
  9.2690e+02	 -5.9227e-03	  6.2829e+00	  6.5178e-03	  3.4977e-11	  3.2589e-03	
  9.2848e+02	 -5.8471e-03	  6.2829e+00	  6.5181e-03	  3.4975e-11	  3.2591e-03	
  9.3007e+02	 -5.7725e-03	  6.2830e+00	  6.5184e-03	  3.4973e-11	  3.2593e-03	
  9.3165e+02	 -5.6989e-03	  6.2830e+00	  6.5187e-03	  3.4972e-11	  3.2594e-03	
  9.3323e+02	 -5.6262e-03	  6.2830e+00	  6.5190e-03	  3.4970e-11	  3.2596e-03	
  9.3482e+02	 -5.5544e-03	  6.2830e+00	  6.5193e-03	  3.4968e-11	  3.2597e-03	
  9.3640e+02	 -5.4836e-03	  6.2830e+00	  6.5196e-03	  3.4967e-11	  3.2598e-03	
  9.3799e+02	 -5.4136e-03	  6.2830e+00	  6.5199e-03	  3.4965e-11	  3.2600e-03	
  9.3957e+02	 -5.3445e-03	  6.2830e+00	  6.5202e-03	  3.4964e-11	  3.2601e-03	
  9.4116e+02	 -5.2764e-03	  6.2830e+00	  6.5204e-03	  3.4962e-11	  3.2603e-03	
  9.4274e+02	 -5.2090e-03	  6.2831e+00	  6.5207e-03	  3.4960e-11	  3.2604e-03	
  9.4433e+02	 -5.1426e-03	  6.2831e+00	  6.5210e-03	  3.4959e-11	  3.2605e-03	
  9.4591e+02	 -5.0769e-03	  6.2831e+00	  6.5213e-03	  3.4957e-11	  3.2607e-03	
  9.4749e+02	 -5.0122e-03	  6.2831e+00	  6.5215e-03	  3.4956e-11	  3.2608e-03	
  9.4908e+02	 -4.9482e-03	  6.2831e+00	  6.5218e-03	  3.4954e-11	  3.2609e-03	
  9.5066e+02	 -4.8850e-03	  6.2831e+00	  6.5220e-03	  3.4953e-11	  3.2611e-03	
  9.5225e+02	 -4.8227e-03	  6.2831e+00	  6.5223e-03	  3.4952e-11	  3.2612e-03	
  9.5383e+02	 -4.7612e-03	  6.2831e+00	  6.5226e-03	  3.4950e-11	  3.2613e-03	
  9.5542e+02	 -4.7004e-03	  6.2831e+00	  6.5228e-03	  3.4949e-11	  3.2615e-03	
  9.5700e+02	 -4.6404e-03	  6.2832e+00	  6.5231e-03	  3.4947e-11	  3.2616e-03	
  9.5859e+02	 -4.5812e-03	  6.2832e+00	  6.5233e-03	  3.4946e-11	  3.2617e-03	
  9.6017e+02	 -4.5227e-03	  6.2832e+00	  6.5235e-03	  3.4945e-11	  3.2618e-03	
  9.6175e+02	 -4.4649e-03	  6.2832e+00	  6.5238e-03	  3.4943e-11	  3.2619e-03	
  9.6334e+02	 -4.4079e-03	  6.2832e+00	  6.5240e-03	  3.4942e-11	  3.2621e-03	
  9.6492e+02	 -4.3517e-03	  6.2832e+00	  6.5242e-03	  3.4941e-11	  3.2622e-03	
  9.6651e+02	 -4.2961e-03	  6.2832e+00	  6.5245e-03	  3.4939e-11	  3.2623e-03	
  9.6809e+02	 -4.2413e-03	  6.2832e+00	  6.5247e-03	  3.4938e-11	  3.2624e-03	
  9.6968e+02	 -4.1871e-03	  6.2832e+00	  6.5249e-03	  3.4937e-11	  3.2625e-03	
  9.7126e+02	 -4.1337e-03	  6.2832e+00	  6.5251e-03	  3.4936e-11	  3.2626e-03	
  9.7285e+02	 -4.0809e-03	  6.2833e+00	  6.5254e-03	  3.4934e-11	  3.2627e-03	
  9.7443e+02	 -4.0288e-03	  6.2833e+00	  6.5256e-03	  3.4933e-11	  3.2628e-03	
  9.7601e+02	 -3.9773e-03	  6.2833e+00	  6.5258e-03	  3.4932e-11	  3.2629e-03	
  9.7760e+02	 -3.9265e-03	  6.2833e+00	  6.5260e-03	  3.4931e-11	  3.2630e-03	
  9.7918e+02	 -3.8764e-03	  6.2833e+00	  6.5262e-03	  3.4930e-11	  3.2631e-03	
  9.8077e+02	 -3.8269e-03	  6.2833e+00	  6.5264e-03	  3.4929e-11	  3.2632e-03	
  9.8235e+02	 -3.7780e-03	  6.2833e+00	  6.5266e-03	  3.4928e-11	  3.2633e-03	
  9.8394e+02	 -3.7298e-03	  6.2833e+00	  6.5268e-03	  3.4926e-11	  3.2634e-03	
  9.8552e+02	 -3.6821e-03	  6.2833e+00	  6.5270e-03	  3.4925e-11	  3.2635e-03	
  9.8711e+02	 -3.6351e-03	  6.2833e+00	  6.5272e-03	  3.4924e-11	  3.2636e-03	
  9.8869e+02	 -3.5887e-03	  6.2833e+00	  6.5274e-03	  3.4923e-11	  3.2637e-03	
  9.9027e+02	 -3.5428e-03	  6.2834e+00	  6.5276e-03	  3.4922e-11	  3.2638e-03	
  9.9186e+02	 -3.4976e-03	  6.2834e+00	  6.5277e-03	  3.4921e-11	  3.2639e-03	
  9.9344e+02	 -3.4529e-03	  6.2834e+00	  6.5279e-03	  3.4920e-11	  3.2640e-03	
  9.9503e+02	 -3.4088e-03	  6.2834e+00	  6.5281e-03	  3.4919e-11	  3.2641e-03	
  9.9661e+02	 -3.3653e-03	  6.2834e+00	  6.5283e-03	  3.4918e-11	  3.2642e-03	
  9.9820e+02	 -3.3223e-03	  6.2834e+00	  6.5285e-03	  3.4917e-11	  3.2643e-03	
  9.9978e+02	 -3.2798e-03	  6.2834e+00	  6.5286e-03	  3.4916e-11	  3.2644e-03	
  1.0014e+03	 -3.2379e-03	  6.2834e+00	  6.5288e-03	  3.4915e-11	  3.2645e-03	
  1.0029e+03	 -3.1966e-03	  6.2834e+00	  6.5290e-03	  3.4914e-11	  3.2645e-03	
  1.0045e+03	 -3.1557e-03	  6.2834e+00	  6.5292e-03	  3.4913e-11	  3.2646e-03	
  1.0061e+03	 -3.1154e-03	  6.2834e+00	  6.5293e-03	  3.4912e-11	  3.2647e-03	
  1.0077e+03	 -3.0756e-03	  6.2834e+00	  6.5295e-03	  3.4911e-11	  3.2648e-03	
  1.0093e+03	 -3.0363e-03	  6.2834e+00	  6.5296e-03	  3.4911e-11	  3.2649e-03	
  1.0109e+03	 -2.9975e-03	  6.2835e+00	  6.5298e-03	  3.4910e-11	  3.2650e-03	
  1.0125e+03	 -2.9592e-03	  6.2835e+00	  6.5300e-03	  3.4909e-11	  3.2650e-03	
  1.0140e+03	 -2.9214e-03	  6.2835e+00	  6.5301e-03	  3.4908e-11	  3.2651e-03	
  1.0156e+03	 -2.8841e-03	  6.2835e+00	  6.5303e-03	  3.4907e-11	  3.2652e-03	
  1.0172e+03	 -2.8472e-03	  6.2835e+00	  6.5304e-03	  3.4906e-11	  3.2653e-03	
  1.0188e+03	 -2.8108e-03	  6.2835e+00	  6.5306e-03	  3.4905e-11	  3.2653e-03	
  1.0204e+03	 -2.7749e-03	  6.2835e+00	  6.5307e-03	  3.4905e-11	  3.2654e-03	
  1.0220e+03	 -2.7395e-03	  6.2835e+00	  6.5309e-03	  3.4904e-11	  3.2655e-03	
  1.0235e+03	 -2.7044e-03	  6.2835e+00	  6.5310e-03	  3.4903e-11	  3.2656e-03	
  1.0251e+03	 -2.6699e-03	  6.2835e+00	  6.5312e-03	  3.4902e-11	  3.2656e-03	
  1.0267e+03	 -2.6358e-03	  6.2835e+00	  6.5313e-03	  3.4901e-11	  3.2657e-03	
  1.0283e+03	 -2.6021e-03	  6.2835e+00	  6.5314e-03	  3.4901e-11	  3.2658e-03	
  1.0299e+03	 -2.5688e-03	  6.2835e+00	  6.5316e-03	  3.4900e-11	  3.2658e-03	
  1.0315e+03	 -2.5360e-03	  6.2835e+00	  6.5317e-03	  3.4899e-11	  3.2659e-03	
  1.0331e+03	 -2.5036e-03	  6.2835e+00	  6.5318e-03	  3.4898e-11	  3.2660e-03	
  1.0346e+03	 -2.4716e-03	  6.2835e+00	  6.5320e-03	  3.4898e-11	  3.2660e-03	
  1.0362e+03	 -2.4400e-03	  6.2836e+00	  6.5321e-03	  3.4897e-11	  3.2661e-03	
  1.0378e+03	 -2.4088e-03	  6.2836e+00	  6.5322e-03	  3.4896e-11	  3.2662e-03	
  1.0394e+03	 -2.3780e-03	  6.2836e+00	  6.5324e-03	  3.4895e-11	  3.2662e-03	
  1.0410e+03	 -2.3476e-03	  6.2836e+00	  6.5325e-03	  3.4895e-11	  3.2663e-03	
  1.0426e+03	 -2.3176e-03	  6.2836e+00	  6.5326e-03	  3.4894e-11	  3.2664e-03	
  1.0441e+03	 -2.2880e-03	  6.2836e+00	  6.5327e-03	  3.4893e-11	  3.2664e-03	
  1.0457e+03	 -2.2587e-03	  6.2836e+00	  6.5328e-03	  3.4893e-11	  3.2665e-03	
  1.0473e+03	 -2.2299e-03	  6.2836e+00	  6.5330e-03	  3.4892e-11	  3.2665e-03	
  1.0489e+03	 -2.2014e-03	  6.2836e+00	  6.5331e-03	  3.4891e-11	  3.2666e-03	
  1.0505e+03	 -2.1732e-03	  6.2836e+00	  6.5332e-03	  3.4891e-11	  3.2666e-03	
  1.0521e+03	 -2.1454e-03	  6.2836e+00	  6.5333e-03	  3.4890e-11	  3.2667e-03	
  1.0537e+03	 -2.1180e-03	  6.2836e+00	  6.5334e-03	  3.4889e-11	  3.2668e-03	
  1.0552e+03	 -2.0909e-03	  6.2836e+00	  6.5335e-03	  3.4889e-11	  3.2668e-03	
  1.0568e+03	 -2.0642e-03	  6.2836e+00	  6.5336e-03	  3.4888e-11	  3.2669e-03	
  1.0584e+03	 -2.0378e-03	  6.2836e+00	  6.5338e-03	  3.4888e-11	  3.2669e-03	
  1.0600e+03	 -2.0118e-03	  6.2836e+00	  6.5339e-03	  3.4887e-11	  3.2670e-03	
  1.0616e+03	 -1.9860e-03	  6.2836e+00	  6.5340e-03	  3.4886e-11	  3.2670e-03	
  1.0632e+03	 -1.9606e-03	  6.2836e+00	  6.5341e-03	  3.4886e-11	  3.2671e-03	
  1.0647e+03	 -1.9356e-03	  6.2836e+00	  6.5342e-03	  3.4885e-11	  3.2671e-03	
  1.0663e+03	 -1.9108e-03	  6.2836e+00	  6.5343e-03	  3.4885e-11	  3.2672e-03	
  1.0679e+03	 -1.8864e-03	  6.2837e+00	  6.5344e-03	  3.4884e-11	  3.2672e-03	
  1.0695e+03	 -1.8623e-03	  6.2837e+00	  6.5345e-03	  3.4884e-11	  3.2673e-03	
  1.0711e+03	 -1.8385e-03	  6.2837e+00	  6.5346e-03	  3.4883e-11	  3.2673e-03	
  1.0727e+03	 -1.8150e-03	  6.2837e+00	  6.5347e-03	  3.4883e-11	  3.2674e-03	
  1.0742e+03	 -1.7917e-03	  6.2837e+00	  6.5348e-03	  3.4882e-11	  3.2674e-03	
  1.0758e+03	 -1.7688e-03	  6.2837e+00	  6.5349e-03	  3.4881e-11	  3.2675e-03	
  1.0774e+03	 -1.7462e-03	  6.2837e+00	  6.5350e-03	  3.4881e-11	  3.2675e-03	
  1.0790e+03	 -1.7239e-03	  6.2837e+00	  6.5350e-03	  3.4880e-11	  3.2676e-03	
  1.0806e+03	 -1.7018e-03	  6.2837e+00	  6.5351e-03	  3.4880e-11	  3.2676e-03	
  1.0822e+03	 -1.6801e-03	  6.2837e+00	  6.5352e-03	  3.4879e-11	  3.2677e-03	
  1.0838e+03	 -1.6586e-03	  6.2837e+00	  6.5353e-03	  3.4879e-11	  3.2677e-03	
  1.0853e+03	 -1.6374e-03	  6.2837e+00	  6.5354e-03	  3.4878e-11	  3.2677e-03	
  1.0869e+03	 -1.6164e-03	  6.2837e+00	  6.5355e-03	  3.4878e-11	  3.2678e-03	
  1.0885e+03	 -1.5958e-03	  6.2837e+00	  6.5356e-03	  3.4878e-11	  3.2678e-03	
  1.0901e+03	 -1.5754e-03	  6.2837e+00	  6.5357e-03	  3.4877e-11	  3.2679e-03	
  1.0917e+03	 -1.5552e-03	  6.2837e+00	  6.5357e-03	  3.4877e-11	  3.2679e-03	
  1.0933e+03	 -1.5353e-03	  6.2837e+00	  6.5358e-03	  3.4876e-11	  3.2680e-03	
  1.0948e+03	 -1.5157e-03	  6.2837e+00	  6.5359e-03	  3.4876e-11	  3.2680e-03	
  1.0964e+03	 -1.4963e-03	  6.2837e+00	  6.5360e-03	  3.4875e-11	  3.2680e-03	
  1.0980e+03	 -1.4772e-03	  6.2837e+00	  6.5361e-03	  3.4875e-11	  3.2681e-03	
  1.0996e+03	 -1.4583e-03	  6.2837e+00	  6.5361e-03	  3.4874e-11	  3.2681e-03	
  1.1012e+03	 -1.4396e-03	  6.2837e+00	  6.5362e-03	  3.4874e-11	  3.2682e-03	
  1.1028e+03	 -1.4212e-03	  6.2837e+00	  6.5363e-03	  3.4874e-11	  3.2682e-03	
  1.1044e+03	 -1.4030e-03	  6.2837e+00	  6.5364e-03	  3.4873e-11	  3.2682e-03	
  1.1059e+03	 -1.3851e-03	  6.2837e+00	  6.5364e-03	  3.4873e-11	  3.2683e-03	
  1.1075e+03	 -1.3674e-03	  6.2837e+00	  6.5365e-03	  3.4872e-11	  3.2683e-03	
  1.1091e+03	 -1.3499e-03	  6.2838e+00	  6.5366e-03	  3.4872e-11	  3.2683e-03	
  1.1107e+03	 -1.3326e-03	  6.2838e+00	  6.5367e-03	  3.4871e-11	  3.2684e-03	
  1.1123e+03	 -1.3156e-03	  6.2838e+00	  6.5367e-03	  3.4871e-11	  3.2684e-03	
  1.1139e+03	 -1.2988e-03	  6.2838e+00	  6.5368e-03	  3.4871e-11	  3.2684e-03	
  1.1154e+03	 -1.2821e-03	  6.2838e+00	  6.5369e-03	  3.4870e-11	  3.2685e-03	
  1.1170e+03	 -1.2657e-03	  6.2838e+00	  6.5369e-03	  3.4870e-11	  3.2685e-03	
  1.1186e+03	 -1.2496e-03	  6.2838e+00	  6.5370e-03	  3.4870e-11	  3.2685e-03	
  1.1202e+03	 -1.2336e-03	  6.2838e+00	  6.5371e-03	  3.4869e-11	  3.2686e-03	
  1.1218e+03	 -1.2178e-03	  6.2838e+00	  6.5371e-03	  3.4869e-11	  3.2686e-03	
  1.1234e+03	 -1.2022e-03	  6.2838e+00	  6.5372e-03	  3.4869e-11	  3.2686e-03	
  1.1250e+03	 -1.1868e-03	  6.2838e+00	  6.5373e-03	  3.4868e-11	  3.2687e-03	
  1.1265e+03	 -1.1717e-03	  6.2838e+00	  6.5373e-03	  3.4868e-11	  3.2687e-03	
  1.1281e+03	 -1.1567e-03	  6.2838e+00	  6.5374e-03	  3.4867e-11	  3.2687e-03	
  1.1297e+03	 -1.1419e-03	  6.2838e+00	  6.5374e-03	  3.4867e-11	  3.2688e-03	
  1.1313e+03	 -1.1273e-03	  6.2838e+00	  6.5375e-03	  3.4867e-11	  3.2688e-03	
  1.1329e+03	 -1.1128e-03	  6.2838e+00	  6.5376e-03	  3.4866e-11	  3.2688e-03	
  1.1345e+03	 -1.0986e-03	  6.2838e+00	  6.5376e-03	  3.4866e-11	  3.2689e-03	
  1.1360e+03	 -1.0846e-03	  6.2838e+00	  6.5377e-03	  3.4866e-11	  3.2689e-03	
  1.1376e+03	 -1.0707e-03	  6.2838e+00	  6.5377e-03	  3.4865e-11	  3.2689e-03	
  1.1392e+03	 -1.0570e-03	  6.2838e+00	  6.5378e-03	  3.4865e-11	  3.2689e-03	
  1.1408e+03	 -1.0435e-03	  6.2838e+00	  6.5378e-03	  3.4865e-11	  3.2690e-03	
  1.1424e+03	 -1.0301e-03	  6.2838e+00	  6.5379e-03	  3.4865e-11	  3.2690e-03	
  1.1440e+03	 -1.0169e-03	  6.2838e+00	  6.5380e-03	  3.4864e-11	  3.2690e-03	
  1.1455e+03	 -1.0039e-03	  6.2838e+00	  6.5380e-03	  3.4864e-11	  3.2691e-03	
  1.1471e+03	 -9.9108e-04	  6.2838e+00	  6.5381e-03	  3.4864e-11	  3.2691e-03	
  1.1487e+03	 -9.7840e-04	  6.2838e+00	  6.5381e-03	  3.4863e-11	  3.2691e-03	
  1.1503e+03	 -9.6589e-04	  6.2838e+00	  6.5382e-03	  3.4863e-11	  3.2691e-03	
  1.1519e+03	 -9.5353e-04	  6.2838e+00	  6.5382e-03	  3.4863e-11	  3.2692e-03	
  1.1535e+03	 -9.4133e-04	  6.2838e+00	  6.5383e-03	  3.4863e-11	  3.2692e-03	
  1.1551e+03	 -9.2929e-04	  6.2838e+00	  6.5383e-03	  3.4862e-11	  3.2692e-03	
  1.1566e+03	 -9.1740e-04	  6.2838e+00	  6.5384e-03	  3.4862e-11	  3.2692e-03	
  1.1582e+03	 -9.0566e-04	  6.2838e+00	  6.5384e-03	  3.4862e-11	  3.2693e-03	
  1.1598e+03	 -8.9408e-04	  6.2838e+00	  6.5385e-03	  3.4861e-11	  3.2693e-03	
  1.1614e+03	 -8.8264e-04	  6.2838e+00	  6.5385e-03	  3.4861e-11	  3.2693e-03	
  1.1630e+03	 -8.7134e-04	  6.2838e+00	  6.5385e-03	  3.4861e-11	  3.2693e-03	
  1.1646e+03	 -8.6020e-04	  6.2838e+00	  6.5386e-03	  3.4861e-11	  3.2693e-03	
  1.1661e+03	 -8.4919e-04	  6.2838e+00	  6.5386e-03	  3.4860e-11	  3.2694e-03	
  1.1677e+03	 -8.3833e-04	  6.2838e+00	  6.5387e-03	  3.4860e-11	  3.2694e-03	
  1.1693e+03	 -8.2760e-04	  6.2838e+00	  6.5387e-03	  3.4860e-11	  3.2694e-03	
  1.1709e+03	 -8.1701e-04	  6.2838e+00	  6.5388e-03	  3.4860e-11	  3.2694e-03	
  1.1725e+03	 -8.0656e-04	  6.2838e+00	  6.5388e-03	  3.4859e-11	  3.2695e-03	
  1.1741e+03	 -7.9624e-04	  6.2839e+00	  6.5389e-03	  3.4859e-11	  3.2695e-03	
  1.1757e+03	 -7.8605e-04	  6.2839e+00	  6.5389e-03	  3.4859e-11	  3.2695e-03	
  1.1772e+03	 -7.7599e-04	  6.2839e+00	  6.5389e-03	  3.4859e-11	  3.2695e-03	
  1.1788e+03	 -7.6606e-04	  6.2839e+00	  6.5390e-03	  3.4859e-11	  3.2695e-03	
  1.1804e+03	 -7.5626e-04	  6.2839e+00	  6.5390e-03	  3.4858e-11	  3.2696e-03	
  1.1820e+03	 -7.4659e-04	  6.2839e+00	  6.5391e-03	  3.4858e-11	  3.2696e-03	
  1.1836e+03	 -7.3703e-04	  6.2839e+00	  6.5391e-03	  3.4858e-11	  3.2696e-03	
  1.1852e+03	 -7.2760e-04	  6.2839e+00	  6.5391e-03	  3.4858e-11	  3.2696e-03	
  1.1867e+03	 -7.1829e-04	  6.2839e+00	  6.5392e-03	  3.4857e-11	  3.2696e-03	
  1.1883e+03	 -7.0910e-04	  6.2839e+00	  6.5392e-03	  3.4857e-11	  3.2697e-03	
  1.1899e+03	 -7.0003e-04	  6.2839e+00	  6.5393e-03	  3.4857e-11	  3.2697e-03	
  1.1915e+03	 -6.9107e-04	  6.2839e+00	  6.5393e-03	  3.4857e-11	  3.2697e-03	
  1.1931e+03	 -6.8223e-04	  6.2839e+00	  6.5393e-03	  3.4857e-11	  3.2697e-03	
  1.1947e+03	 -6.7350e-04	  6.2839e+00	  6.5394e-03	  3.4856e-11	  3.2697e-03	
  1.1963e+03	 -6.6488e-04	  6.2839e+00	  6.5394e-03	  3.4856e-11	  3.2697e-03	
  1.1978e+03	 -6.5637e-04	  6.2839e+00	  6.5394e-03	  3.4856e-11	  3.2698e-03	
  1.1994e+03	 -6.4798e-04	  6.2839e+00	  6.5395e-03	  3.4856e-11	  3.2698e-03	
  1.2010e+03	 -6.3968e-04	  6.2839e+00	  6.5395e-03	  3.4856e-11	  3.2698e-03	
  1.2026e+03	 -6.3150e-04	  6.2839e+00	  6.5395e-03	  3.4855e-11	  3.2698e-03	
  1.2042e+03	 -6.2342e-04	  6.2839e+00	  6.5396e-03	  3.4855e-11	  3.2698e-03	
  1.2058e+03	 -6.1544e-04	  6.2839e+00	  6.5396e-03	  3.4855e-11	  3.2699e-03	
  1.2073e+03	 -6.0757e-04	  6.2839e+00	  6.5396e-03	  3.4855e-11	  3.2699e-03	
  1.2089e+03	 -5.9979e-04	  6.2839e+00	  6.5397e-03	  3.4855e-11	  3.2699e-03	
  1.2105e+03	 -5.9212e-04	  6.2839e+00	  6.5397e-03	  3.4855e-11	  3.2699e-03	
  1.2121e+03	 -5.8454e-04	  6.2839e+00	  6.5397e-03	  3.4854e-11	  3.2699e-03	
  1.2137e+03	 -5.7706e-04	  6.2839e+00	  6.5398e-03	  3.4854e-11	  3.2699e-03	
  1.2153e+03	 -5.6967e-04	  6.2839e+00	  6.5398e-03	  3.4854e-11	  3.2699e-03	
  1.2168e+03	 -5.6238e-04	  6.2839e+00	  6.5398e-03	  3.4854e-11	  3.2700e-03	
  1.2184e+03	 -5.5519e-04	  6.2839e+00	  6.5399e-03	  3.4854e-11	  3.2700e-03	
  1.2200e+03	 -5.4808e-04	  6.2839e+00	  6.5399e-03	  3.4854e-11	  3.2700e-03	
  1.2216e+03	 -5.4107e-04	  6.2839e+00	  6.5399e-03	  3.4853e-11	  3.2700e-03	
  1.2232e+03	 -5.3415e-04	  6.2839e+00	  6.5399e-03	  3.4853e-11	  3.2700e-03	
  1.2248e+03	 -5.2731e-04	  6.2839e+00	  6.5400e-03	  3.4853e-11	  3.2700e-03	
  1.2264e+03	 -5.2056e-04	  6.2839e+00	  6.5400e-03	  3.4853e-11	  3.2700e-03	
  1.2279e+03	 -5.1390e-04	  6.2839e+00	  6.5400e-03	  3.4853e-11	  3.2701e-03	
  1.2295e+03	 -5.0732e-04	  6.2839e+00	  6.5400e-03	  3.4853e-11	  3.2701e-03	
  1.2311e+03	 -5.0083e-04	  6.2839e+00	  6.5401e-03	  3.4852e-11	  3.2701e-03	
  1.2327e+03	 -4.9442e-04	  6.2839e+00	  6.5401e-03	  3.4852e-11	  3.2701e-03	
  1.2343e+03	 -4.8810e-04	  6.2839e+00	  6.5401e-03	  3.4852e-11	  3.2701e-03	
  1.2359e+03	 -4.8185e-04	  6.2839e+00	  6.5402e-03	  3.4852e-11	  3.2701e-03	
  1.2374e+03	 -4.7568e-04	  6.2839e+00	  6.5402e-03	  3.4852e-11	  3.2701e-03	
  1.2390e+03	 -4.6960e-04	  6.2839e+00	  6.5402e-03	  3.4852e-11	  3.2702e-03	
  1.2406e+03	 -4.6359e-04	  6.2839e+00	  6.5402e-03	  3.4852e-11	  3.2702e-03	
  1.2422e+03	 -4.5765e-04	  6.2839e+00	  6.5403e-03	  3.4851e-11	  3.2702e-03	
  1.2438e+03	 -4.5180e-04	  6.2839e+00	  6.5403e-03	  3.4851e-11	  3.2702e-03	
  1.2454e+03	 -4.4601e-04	  6.2839e+00	  6.5403e-03	  3.4851e-11	  3.2702e-03	
  1.2470e+03	 -4.4031e-04	  6.2839e+00	  6.5403e-03	  3.4851e-11	  3.2702e-03	
  1.2485e+03	 -4.3467e-04	  6.2839e+00	  6.5403e-03	  3.4851e-11	  3.2702e-03	
  1.2501e+03	 -4.2911e-04	  6.2839e+00	  6.5404e-03	  3.4851e-11	  3.2702e-03	
  1.2517e+03	 -4.2362e-04	  6.2839e+00	  6.5404e-03	  3.4851e-11	  3.2702e-03	
  1.2533e+03	 -4.1820e-04	  6.2839e+00	  6.5404e-03	  3.4851e-11	  3.2703e-03	
  1.2549e+03	 -4.1284e-04	  6.2839e+00	  6.5404e-03	  3.4850e-11	  3.2703e-03	
  1.2565e+03	 -4.0756e-04	  6.2839e+00	  6.5405e-03	  3.4850e-11	  3.2703e-03	
  1.2580e+03	 -4.0235e-04	  6.2839e+00	  6.5405e-03	  3.4850e-11	  3.2703e-03	
  1.2596e+03	 -3.9720e-04	  6.2839e+00	  6.5405e-03	  3.4850e-11	  3.2703e-03	
  1.2612e+03	 -3.9211e-04	  6.2839e+00	  6.5405e-03	  3.4850e-11	  3.2703e-03	
  1.2628e+03	 -3.8709e-04	  6.2839e+00	  6.5405e-03	  3.4850e-11	  3.2703e-03	
  1.2644e+03	 -3.8214e-04	  6.2839e+00	  6.5406e-03	  3.4850e-11	  3.2703e-03	
  1.2660e+03	 -3.7725e-04	  6.2839e+00	  6.5406e-03	  3.4850e-11	  3.2703e-03	
  1.2676e+03	 -3.7242e-04	  6.2839e+00	  6.5406e-03	  3.4850e-11	  3.2704e-03	
  1.2691e+03	 -3.6766e-04	  6.2839e+00	  6.5406e-03	  3.4849e-11	  3.2704e-03	
  1.2707e+03	 -3.6295e-04	  6.2839e+00	  6.5406e-03	  3.4849e-11	  3.2704e-03	
  1.2723e+03	 -3.5831e-04	  6.2839e+00	  6.5407e-03	  3.4849e-11	  3.2704e-03	
  1.2739e+03	 -3.5372e-04	  6.2839e+00	  6.5407e-03	  3.4849e-11	  3.2704e-03	
  1.2755e+03	 -3.4919e-04	  6.2839e+00	  6.5407e-03	  3.4849e-11	  3.2704e-03	
  1.2771e+03	 -3.4472e-04	  6.2839e+00	  6.5407e-03	  3.4849e-11	  3.2704e-03	
  1.2786e+03	 -3.4031e-04	  6.2839e+00	  6.5407e-03	  3.4849e-11	  3.2704e-03	
  1.2802e+03	 -3.3596e-04	  6.2839e+00	  6.5408e-03	  3.4849e-11	  3.2704e-03	
  1.2818e+03	 -3.3166e-04	  6.2839e+00	  6.5408e-03	  3.4849e-11	  3.2704e-03	
  1.2834e+03	 -3.2741e-04	  6.2839e+00	  6.5408e-03	  3.4848e-11	  3.2704e-03	
  1.2850e+03	 -3.2322e-04	  6.2839e+00	  6.5408e-03	  3.4848e-11	  3.2705e-03	
  1.2866e+03	 -3.1908e-04	  6.2839e+00	  6.5408e-03	  3.4848e-11	  3.2705e-03	
  1.2881e+03	 -3.1500e-04	  6.2839e+00	  6.5408e-03	  3.4848e-11	  3.2705e-03	
  1.2897e+03	 -3.1097e-04	  6.2839e+00	  6.5409e-03	  3.4848e-11	  3.2705e-03	
  1.2913e+03	 -3.0699e-04	  6.2839e+00	  6.5409e-03	  3.4848e-11	  3.2705e-03	
  1.2929e+03	 -3.0306e-04	  6.2839e+00	  6.5409e-03	  3.4848e-11	  3.2705e-03	
  1.2945e+03	 -2.9918e-04	  6.2839e+00	  6.5409e-03	  3.4848e-11	  3.2705e-03	
  1.2961e+03	 -2.9535e-04	  6.2839e+00	  6.5409e-03	  3.4848e-11	  3.2705e-03	
  1.2977e+03	 -2.9157e-04	  6.2839e+00	  6.5409e-03	  3.4848e-11	  3.2705e-03	
  1.2992e+03	 -2.8784e-04	  6.2839e+00	  6.5410e-03	  3.4848e-11	  3.2705e-03	
  1.3008e+03	 -2.8416e-04	  6.2839e+00	  6.5410e-03	  3.4848e-11	  3.2705e-03	
  1.3024e+03	 -2.8052e-04	  6.2839e+00	  6.5410e-03	  3.4847e-11	  3.2705e-03	
  1.3040e+03	 -2.7693e-04	  6.2839e+00	  6.5410e-03	  3.4847e-11	  3.2705e-03	
  1.3056e+03	 -2.7338e-04	  6.2839e+00	  6.5410e-03	  3.4847e-11	  3.2706e-03	
  1.3072e+03	 -2.6989e-04	  6.2839e+00	  6.5410e-03	  3.4847e-11	  3.2706e-03	
  1.3087e+03	 -2.6643e-04	  6.2839e+00	  6.5410e-03	  3.4847e-11	  3.2706e-03	
  1.3103e+03	 -2.6302e-04	  6.2839e+00	  6.5411e-03	  3.4847e-11	  3.2706e-03	
  1.3119e+03	 -2.5966e-04	  6.2839e+00	  6.5411e-03	  3.4847e-11	  3.2706e-03	
  1.3135e+03	 -2.5633e-04	  6.2839e+00	  6.5411e-03	  3.4847e-11	  3.2706e-03	
  1.3151e+03	 -2.5305e-04	  6.2839e+00	  6.5411e-03	  3.4847e-11	  3.2706e-03	
  1.3167e+03	 -2.4981e-04	  6.2840e+00	  6.5411e-03	  3.4847e-11	  3.2706e-03	
  1.3183e+03	 -2.4662e-04	  6.2840e+00	  6.5411e-03	  3.4847e-11	  3.2706e-03	
  1.3198e+03	 -2.4346e-04	  6.2840e+00	  6.5411e-03	  3.4847e-11	  3.2706e-03	
  1.3214e+03	 -2.4034e-04	  6.2840e+00	  6.5411e-03	  3.4847e-11	  3.2706e-03	
  1.3230e+03	 -2.3727e-04	  6.2840e+00	  6.5412e-03	  3.4846e-11	  3.2706e-03	
  1.3246e+03	 -2.3423e-04	  6.2840e+00	  6.5412e-03	  3.4846e-11	  3.2706e-03	
  1.3262e+03	 -2.3123e-04	  6.2840e+00	  6.5412e-03	  3.4846e-11	  3.2706e-03	
  1.3278e+03	 -2.2827e-04	  6.2840e+00	  6.5412e-03	  3.4846e-11	  3.2706e-03	
  1.3293e+03	 -2.2535e-04	  6.2840e+00	  6.5412e-03	  3.4846e-11	  3.2707e-03	
  1.3309e+03	 -2.2247e-04	  6.2840e+00	  6.5412e-03	  3.4846e-11	  3.2707e-03	
  1.3325e+03	 -2.1962e-04	  6.2840e+00	  6.5412e-03	  3.4846e-11	  3.2707e-03	
  1.3341e+03	 -2.1681e-04	  6.2840e+00	  6.5412e-03	  3.4846e-11	  3.2707e-03	
  1.3357e+03	 -2.1403e-04	  6.2840e+00	  6.5413e-03	  3.4846e-11	  3.2707e-03	
  1.3373e+03	 -2.1129e-04	  6.2840e+00	  6.5413e-03	  3.4846e-11	  3.2707e-03	
  1.3389e+03	 -2.0859e-04	  6.2840e+00	  6.5413e-03	  3.4846e-11	  3.2707e-03	
  1.3404e+03	 -2.0592e-04	  6.2840e+00	  6.5413e-03	  3.4846e-11	  3.2707e-03	
  1.3420e+03	 -2.0328e-04	  6.2840e+00	  6.5413e-03	  3.4846e-11	  3.2707e-03	
  1.3436e+03	 -2.0068e-04	  6.2840e+00	  6.5413e-03	  3.4846e-11	  3.2707e-03	
  1.3452e+03	 -1.9811e-04	  6.2840e+00	  6.5413e-03	  3.4846e-11	  3.2707e-03	
  1.3468e+03	 -1.9558e-04	  6.2840e+00	  6.5413e-03	  3.4845e-11	  3.2707e-03	
  1.3484e+03	 -1.9307e-04	  6.2840e+00	  6.5413e-03	  3.4845e-11	  3.2707e-03	
  1.3499e+03	 -1.9060e-04	  6.2840e+00	  6.5414e-03	  3.4845e-11	  3.2707e-03	
  1.3515e+03	 -1.8816e-04	  6.2840e+00	  6.5414e-03	  3.4845e-11	  3.2707e-03	
  1.3531e+03	 -1.8575e-04	  6.2840e+00	  6.5414e-03	  3.4845e-11	  3.2707e-03	
  1.3547e+03	 -1.8338e-04	  6.2840e+00	  6.5414e-03	  3.4845e-11	  3.2707e-03	
  1.3563e+03	 -1.8103e-04	  6.2840e+00	  6.5414e-03	  3.4845e-11	  3.2707e-03	
  1.3579e+03	 -1.7871e-04	  6.2840e+00	  6.5414e-03	  3.4845e-11	  3.2708e-03	
  1.3594e+03	 -1.7643e-04	  6.2840e+00	  6.5414e-03	  3.4845e-11	  3.2708e-03	
  1.3610e+03	 -1.7417e-04	  6.2840e+00	  6.5414e-03	  3.4845e-11	  3.2708e-03	
  1.3626e+03	 -1.7194e-04	  6.2840e+00	  6.5414e-03	  3.4845e-11	  3.2708e-03	
  1.3642e+03	 -1.6974e-04	  6.2840e+00	  6.5414e-03	  3.4845e-11	  3.2708e-03	
  1.3658e+03	 -1.6756e-04	  6.2840e+00	  6.5414e-03	  3.4845e-11	  3.2708e-03	
  1.3674e+03	 -1.6542e-04	  6.2840e+00	  6.5415e-03	  3.4845e-11	  3.2708e-03	
  1.3690e+03	 -1.6330e-04	  6.2840e+00	  6.5415e-03	  3.4845e-11	  3.2708e-03	
  1.3705e+03	 -1.6121e-04	  6.2840e+00	  6.5415e-03	  3.4845e-11	  3.2708e-03	
  1.3721e+03	 -1.5915e-04	  6.2840e+00	  6.5415e-03	  3.4845e-11	  3.2708e-03	
  1.3737e+03	 -1.5711e-04	  6.2840e+00	  6.5415e-03	  3.4845e-11	  3.2708e-03	
  1.3753e+03	 -1.5510e-04	  6.2840e+00	  6.5415e-03	  3.4845e-11	  3.2708e-03	
  1.3769e+03	 -1.5312e-04	  6.2840e+00	  6.5415e-03	  3.4845e-11	  3.2708e-03	
  1.3785e+03	 -1.5116e-04	  6.2840e+00	  6.5415e-03	  3.4844e-11	  3.2708e-03	
  1.3800e+03	 -1.4922e-04	  6.2840e+00	  6.5415e-03	  3.4844e-11	  3.2708e-03	
  1.3816e+03	 -1.4731e-04	  6.2840e+00	  6.5415e-03	  3.4844e-11	  3.2708e-03	
  1.3832e+03	 -1.4543e-04	  6.2840e+00	  6.5415e-03	  3.4844e-11	  3.2708e-03	
  1.3848e+03	 -1.4356e-04	  6.2840e+00	  6.5415e-03	  3.4844e-11	  3.2708e-03	
  1.3864e+03	 -1.4173e-04	  6.2840e+00	  6.5416e-03	  3.4844e-11	  3.2708e-03	
  1.3880e+03	 -1.3991e-04	  6.2840e+00	  6.5416e-03	  3.4844e-11	  3.2708e-03	
  1.3896e+03	 -1.3812e-04	  6.2840e+00	  6.5416e-03	  3.4844e-11	  3.2708e-03	
  1.3911e+03	 -1.3635e-04	  6.2840e+00	  6.5416e-03	  3.4844e-11	  3.2708e-03	
  1.3927e+03	 -1.3461e-04	  6.2840e+00	  6.5416e-03	  3.4844e-11	  3.2708e-03	
  1.3943e+03	 -1.3288e-04	  6.2840e+00	  6.5416e-03	  3.4844e-11	  3.2708e-03	
  1.3959e+03	 -1.3118e-04	  6.2840e+00	  6.5416e-03	  3.4844e-11	  3.2708e-03	
  1.3975e+03	 -1.2950e-04	  6.2840e+00	  6.5416e-03	  3.4844e-11	  3.2709e-03	
  1.3991e+03	 -1.2785e-04	  6.2840e+00	  6.5416e-03	  3.4844e-11	  3.2709e-03	
  1.4006e+03	 -1.2621e-04	  6.2840e+00	  6.5416e-03	  3.4844e-11	  3.2709e-03	
  1.4022e+03	 -1.2460e-04	  6.2840e+00	  6.5416e-03	  3.4844e-11	  3.2709e-03	
  1.4038e+03	 -1.2300e-04	  6.2840e+00	  6.5416e-03	  3.4844e-11	  3.2709e-03	
  1.4054e+03	 -1.2143e-04	  6.2840e+00	  6.5416e-03	  3.4844e-11	  3.2709e-03	
  1.4070e+03	 -1.1987e-04	  6.2840e+00	  6.5416e-03	  3.4844e-11	  3.2709e-03	
  1.4086e+03	 -1.1834e-04	  6.2840e+00	  6.5416e-03	  3.4844e-11	  3.2709e-03	
  1.4102e+03	 -1.1682e-04	  6.2840e+00	  6.5417e-03	  3.4844e-11	  3.2709e-03	
  1.4117e+03	 -1.1533e-04	  6.2840e+00	  6.5417e-03	  3.4844e-11	  3.2709e-03	
  1.4133e+03	 -1.1385e-04	  6.2840e+00	  6.5417e-03	  3.4844e-11	  3.2709e-03	
  1.4149e+03	 -1.1239e-04	  6.2840e+00	  6.5417e-03	  3.4844e-11	  3.2709e-03	
  1.4165e+03	 -1.1096e-04	  6.2840e+00	  6.5417e-03	  3.4844e-11	  3.2709e-03	
  1.4181e+03	 -1.0953e-04	  6.2840e+00	  6.5417e-03	  3.4844e-11	  3.2709e-03	
  1.4197e+03	 -1.0813e-04	  6.2840e+00	  6.5417e-03	  3.4843e-11	  3.2709e-03	
  1.4212e+03	 -1.0675e-04	  6.2840e+00	  6.5417e-03	  3.4843e-11	  3.2709e-03	
  1.4228e+03	 -1.0538e-04	  6.2840e+00	  6.5417e-03	  3.4843e-11	  3.2709e-03	
  1.4244e+03	 -1.0403e-04	  6.2840e+00	  6.5417e-03	  3.4843e-11	  3.2709e-03	
  1.4260e+03	 -1.0270e-04	  6.2840e+00	  6.5417e-03	  3.4843e-11	  3.2709e-03	
  1.4276e+03	 -1.0139e-04	  6.2840e+00	  6.5417e-03	  3.4843e-11	  3.2709e-03	
  1.4292e+03	 -1.0009e-04	  6.2840e+00	  6.5417e-03	  3.4843e-11	  3.2709e-03	
  1.4307e+03	 -9.8808e-05	  6.2840e+00	  6.5417e-03	  3.4843e-11	  3.2709e-03	
  1.4323e+03	 -9.7543e-05	  6.2840e+00	  6.5417e-03	  3.4843e-11	  3.2709e-03	
  1.4339e+03	 -9.6295e-05	  6.2840e+00	  6.5417e-03	  3.4843e-11	  3.2709e-03	
  1.4355e+03	 -9.5062e-05	  6.2840e+00	  6.5417e-03	  3.4843e-11	  3.2709e-03	
  1.4371e+03	 -9.3845e-05	  6.2840e+00	  6.5417e-03	  3.4843e-11	  3.2709e-03	
  1.4387e+03	 -9.2644e-05	  6.2840e+00	  6.5418e-03	  3.4843e-11	  3.2709e-03	
  1.4403e+03	 -9.1458e-05	  6.2840e+00	  6.5418e-03	  3.4843e-11	  3.2709e-03	
  1.4418e+03	 -9.0288e-05	  6.2840e+00	  6.5418e-03	  3.4843e-11	  3.2709e-03	
  1.4434e+03	 -8.9132e-05	  6.2840e+00	  6.5418e-03	  3.4843e-11	  3.2709e-03	
  1.4450e+03	 -8.7991e-05	  6.2840e+00	  6.5418e-03	  3.4843e-11	  3.2709e-03	
  1.4466e+03	 -8.6865e-05	  6.2840e+00	  6.5418e-03	  3.4843e-11	  3.2709e-03	
  1.4482e+03	 -8.5753e-05	  6.2840e+00	  6.5418e-03	  3.4843e-11	  3.2709e-03	
  1.4498e+03	 -8.4655e-05	  6.2840e+00	  6.5418e-03	  3.4843e-11	  3.2709e-03	
  1.4513e+03	 -8.3571e-05	  6.2840e+00	  6.5418e-03	  3.4843e-11	  3.2709e-03	
  1.4529e+03	 -8.2502e-05	  6.2840e+00	  6.5418e-03	  3.4843e-11	  3.2709e-03	
  1.4545e+03	 -8.1446e-05	  6.2840e+00	  6.5418e-03	  3.4843e-11	  3.2710e-03	
  1.4561e+03	 -8.0403e-05	  6.2840e+00	  6.5418e-03	  3.4843e-11	  3.2710e-03	
  1.4577e+03	 -7.9374e-05	  6.2840e+00	  6.5418e-03	  3.4843e-11	  3.2710e-03	
  1.4593e+03	 -7.8358e-05	  6.2840e+00	  6.5418e-03	  3.4843e-11	  3.2710e-03	
  1.4609e+03	 -7.7355e-05	  6.2840e+00	  6.5418e-03	  3.4843e-11	  3.2710e-03	
  1.4624e+03	 -7.6365e-05	  6.2840e+00	  6.5418e-03	  3.4843e-11	  3.2710e-03	
  1.4640e+03	 -7.5387e-05	  6.2840e+00	  6.5418e-03	  3.4843e-11	  3.2710e-03	
  1.4656e+03	 -7.4422e-05	  6.2840e+00	  6.5418e-03	  3.4843e-11	  3.2710e-03	
  1.4672e+03	 -7.3470e-05	  6.2840e+00	  6.5418e-03	  3.4843e-11	  3.2710e-03	
  1.4688e+03	 -7.2529e-05	  6.2840e+00	  6.5418e-03	  3.4843e-11	  3.2710e-03	
  1.4704e+03	 -7.1601e-05	  6.2840e+00	  6.5418e-03	  3.4843e-11	  3.2710e-03	
  1.4719e+03	 -7.0684e-05	  6.2840e+00	  6.5418e-03	  3.4843e-11	  3.2710e-03	
  1.4735e+03	 -6.9779e-05	  6.2840e+00	  6.5418e-03	  3.4843e-11	  3.2710e-03	
  1.4751e+03	 -6.8886e-05	  6.2840e+00	  6.5419e-03	  3.4843e-11	  3.2710e-03	
  1.4767e+03	 -6.8004e-05	  6.2840e+00	  6.5419e-03	  3.4843e-11	  3.2710e-03	
  1.4783e+03	 -6.7134e-05	  6.2840e+00	  6.5419e-03	  3.4843e-11	  3.2710e-03	
  1.4799e+03	 -6.6275e-05	  6.2840e+00	  6.5419e-03	  3.4843e-11	  3.2710e-03	
  1.4814e+03	 -6.5426e-05	  6.2840e+00	  6.5419e-03	  3.4843e-11	  3.2710e-03	
  1.4830e+03	 -6.4589e-05	  6.2840e+00	  6.5419e-03	  3.4842e-11	  3.2710e-03	
  1.4846e+03	 -6.3762e-05	  6.2840e+00	  6.5419e-03	  3.4842e-11	  3.2710e-03	
  1.4862e+03	 -6.2946e-05	  6.2840e+00	  6.5419e-03	  3.4842e-11	  3.2710e-03	
  1.4878e+03	 -6.2140e-05	  6.2840e+00	  6.5419e-03	  3.4842e-11	  3.2710e-03	
  1.4894e+03	 -6.1345e-05	  6.2840e+00	  6.5419e-03	  3.4842e-11	  3.2710e-03	
  1.4910e+03	 -6.0559e-05	  6.2840e+00	  6.5419e-03	  3.4842e-11	  3.2710e-03	
  1.4925e+03	 -5.9784e-05	  6.2840e+00	  6.5419e-03	  3.4842e-11	  3.2710e-03	
  1.4941e+03	 -5.9019e-05	  6.2840e+00	  6.5419e-03	  3.4842e-11	  3.2710e-03	
  1.4957e+03	 -5.8263e-05	  6.2840e+00	  6.5419e-03	  3.4842e-11	  3.2710e-03	
  1.4973e+03	 -5.7518e-05	  6.2840e+00	  6.5419e-03	  3.4842e-11	  3.2710e-03	
  1.4989e+03	 -5.6781e-05	  6.2840e+00	  6.5419e-03	  3.4842e-11	  3.2710e-03	
  1.5005e+03	 -5.6055e-05	  6.2840e+00	  6.5419e-03	  3.4842e-11	  3.2710e-03	
  1.5020e+03	 -5.5337e-05	  6.2840e+00	  6.5419e-03	  3.4842e-11	  3.2710e-03	
  1.5036e+03	 -5.4629e-05	  6.2840e+00	  6.5419e-03	  3.4842e-11	  3.2710e-03	
  1.5052e+03	 -5.3929e-05	  6.2840e+00	  6.5419e-03	  3.4842e-11	  3.2710e-03	
  1.5068e+03	 -5.3239e-05	  6.2840e+00	  6.5419e-03	  3.4842e-11	  3.2710e-03	
  1.5084e+03	 -5.2558e-05	  6.2840e+00	  6.5419e-03	  3.4842e-11	  3.2710e-03	
  1.5100e+03	 -5.1885e-05	  6.2840e+00	  6.5419e-03	  3.4842e-11	  3.2710e-03	
  1.5116e+03	 -5.1221e-05	  6.2840e+00	  6.5419e-03	  3.4842e-11	  3.2710e-03	
  1.5131e+03	 -5.0565e-05	  6.2840e+00	  6.5419e-03	  3.4842e-11	  3.2710e-03	
  1.5147e+03	 -4.9918e-05	  6.2840e+00	  6.5419e-03	  3.4842e-11	  3.2710e-03	
  1.5163e+03	 -4.9279e-05	  6.2840e+00	  6.5419e-03	  3.4842e-11	  3.2710e-03	
  1.5179e+03	 -4.8648e-05	  6.2840e+00	  6.5419e-03	  3.4842e-11	  3.2710e-03	
  1.5195e+03	 -4.8025e-05	  6.2840e+00	  6.5419e-03	  3.4842e-11	  3.2710e-03	
  1.5211e+03	 -4.7410e-05	  6.2840e+00	  6.5419e-03	  3.4842e-11	  3.2710e-03	
  1.5226e+03	 -4.6804e-05	  6.2840e+00	  6.5419e-03	  3.4842e-11	  3.2710e-03	
  1.5242e+03	 -4.6204e-05	  6.2840e+00	  6.5419e-03	  3.4842e-11	  3.2710e-03	
  1.5258e+03	 -4.5613e-05	  6.2840e+00	  6.5419e-03	  3.4842e-11	  3.2710e-03	
  1.5274e+03	 -4.5029e-05	  6.2840e+00	  6.5420e-03	  3.4842e-11	  3.2710e-03	
  1.5290e+03	 -4.4453e-05	  6.2840e+00	  6.5420e-03	  3.4842e-11	  3.2710e-03	
  1.5306e+03	 -4.3884e-05	  6.2840e+00	  6.5420e-03	  3.4842e-11	  3.2710e-03	
  1.5322e+03	 -4.3322e-05	  6.2840e+00	  6.5420e-03	  3.4842e-11	  3.2710e-03	
  1.5337e+03	 -4.2767e-05	  6.2840e+00	  6.5420e-03	  3.4842e-11	  3.2710e-03	
  1.5353e+03	 -4.2220e-05	  6.2840e+00	  6.5420e-03	  3.4842e-11	  3.2710e-03	
  1.5369e+03	 -4.1680e-05	  6.2840e+00	  6.5420e-03	  3.4842e-11	  3.2710e-03	
  1.5385e+03	 -4.1146e-05	  6.2840e+00	  6.5420e-03	  3.4842e-11	  3.2710e-03	
  1.5401e+03	 -4.0619e-05	  6.2840e+00	  6.5420e-03	  3.4842e-11	  3.2710e-03	
  1.5417e+03	 -4.0099e-05	  6.2840e+00	  6.5420e-03	  3.4842e-11	  3.2710e-03	
  1.5432e+03	 -3.9586e-05	  6.2840e+00	  6.5420e-03	  3.4842e-11	  3.2710e-03	
  1.5448e+03	 -3.9079e-05	  6.2840e+00	  6.5420e-03	  3.4842e-11	  3.2710e-03	
  1.5464e+03	 -3.8579e-05	  6.2840e+00	  6.5420e-03	  3.4842e-11	  3.2710e-03	
  1.5480e+03	 -3.8085e-05	  6.2840e+00	  6.5420e-03	  3.4842e-11	  3.2710e-03	
  1.5496e+03	 -3.7598e-05	  6.2840e+00	  6.5420e-03	  3.4842e-11	  3.2710e-03	
  1.5512e+03	 -3.7116e-05	  6.2840e+00	  6.5420e-03	  3.4842e-11	  3.2710e-03	
  1.5527e+03	 -3.6641e-05	  6.2840e+00	  6.5420e-03	  3.4842e-11	  3.2710e-03	
  1.5543e+03	 -3.6172e-05	  6.2840e+00	  6.5420e-03	  3.4842e-11	  3.2710e-03	
  1.5559e+03	 -3.5709e-05	  6.2840e+00	  6.5420e-03	  3.4842e-11	  3.2710e-03	
  1.5575e+03	 -3.5252e-05	  6.2840e+00	  6.5420e-03	  3.4842e-11	  3.2710e-03	
  1.5591e+03	 -3.4801e-05	  6.2840e+00	  6.5420e-03	  3.4842e-11	  3.2710e-03	
  1.5607e+03	 -3.4355e-05	  6.2840e+00	  6.5420e-03	  3.4842e-11	  3.2710e-03	
  1.5623e+03	 -3.3916e-05	  6.2840e+00	  6.5420e-03	  3.4842e-11	  3.2710e-03	
  1.5638e+03	 -3.3481e-05	  6.2840e+00	  6.5420e-03	  3.4842e-11	  3.2710e-03	
  1.5654e+03	 -3.3053e-05	  6.2840e+00	  6.5420e-03	  3.4842e-11	  3.2710e-03	
  1.5670e+03	 -3.2630e-05	  6.2840e+00	  6.5420e-03	  3.4842e-11	  3.2711e-03	
  1.5686e+03	 -3.2212e-05	  6.2840e+00	  6.5420e-03	  3.4842e-11	  3.2711e-03	
  1.5702e+03	 -3.1800e-05	  6.2840e+00	  6.5420e-03	  3.4842e-11	  3.2711e-03	
  1.5718e+03	 -3.1393e-05	  6.2840e+00	  6.5420e-03	  3.4842e-11	  3.2711e-03	
  1.5733e+03	 -3.0991e-05	  6.2840e+00	  6.5420e-03	  3.4842e-11	  3.2711e-03	
  1.5749e+03	 -3.0594e-05	  6.2840e+00	  6.5420e-03	  3.4842e-11	  3.2711e-03	
  1.5765e+03	 -3.0203e-05	  6.2840e+00	  6.5420e-03	  3.4842e-11	  3.2711e-03	
  1.5781e+03	 -2.9816e-05	  6.2840e+00	  6.5420e-03	  3.4842e-11	  3.2711e-03	
  1.5797e+03	 -2.9434e-05	  6.2840e+00	  6.5420e-03	  3.4842e-11	  3.2711e-03	
  1.5813e+03	 -2.9057e-05	  6.2840e+00	  6.5420e-03	  3.4842e-11	  3.2711e-03	
  1.5829e+03	 -2.8686e-05	  6.2840e+00	  6.5420e-03	  3.4842e-11	  3.2711e-03	
  1.5844e+03	 -2.8318e-05	  6.2840e+00	  6.5420e-03	  3.4842e-11	  3.2711e-03	
